[Event "?"]
[Site "PlayOK"]
[Date "2025.09.12"]
[Round "-"]
[White "mcts"]
[Black "camry75"]
[Result "1-0"]
[Time "08:37:34"]
[TimeControl "120"]
[WhiteElo "2518"]
[BlackElo "1861"]

1. 76(10) 98 2. 66 87(4) 3. 12(22) 76(8) 4. 25(34) 78 5.
48(38) 36X 6. 94 16 7. 84 82(18) 8. 91X 97(23) 9. 18 26 10.
91 23 11. 78 38 12. 41 91(27) 13. 91 89 14. 78 91 15.
83(47) 64(29) 16. 35 91(34) 17. 34 34 18. 34 23 19. 91 81
20. 91 34 21. 78 91(36) 22. 81 89 23. 91 91 24. 12 75 25.
12 53(38) 26. 29 92(41) 27. 91 89 28. 89 91 29. 13 91(43)
30. 34 89 31. 23 78 32. 41 47 33. 45 45 34. 35 45 35. 55 25
36. 94(62) 23 37. 83 92 38. 13 53(51) 39. 26 91 40. 13 82
41. 12 63 42. 12 73(56) 43. 72 24 44. 92(67) 93 45. 13
31(58) 46. 21 82(61) 47. 91 1-0

[Event "?"]
[Site "PlayOK"]
[Date "2025.09.12"]
[Round "-"]
[White "camry75"]
[Black "mcts"]
[Result "0-1"]
[Time "11:06:23"]
[TimeControl "120"]
[WhiteElo "1829"]
[BlackElo "2519"]

1. 76(10) 98 2. 66 87(4) 3. 12(22) 76(8) 4. 25(34) 78 5.
48(38) 36X 6. 94 16 7. 84 82(18) 8. 91X 97(23) 9. 18 26 10.
91 23 11. 78 38 12. 41 91(27) 13. 82 89 14. 45 91 15. 12 89
16. 91 52(31) 17. 34 92(34) 18. 13 91(36) 19. 91 56 20. 89
34 21. 91 89 22. 89 75 23. 12 89 24. 24 78 25. 91 23 26. 91
34 27. 78 67(39) 28. 38 81(42) 29. 89 89 30. 49 47 31.
54(57) 97(53) 32. 13 71(55) 33. 27 69 34. 38 92(59) 35. 12
82(61) 36. 12 58 37. 23 89 38. 94 26 39. 84 89 0-1

[Event "?"]
[Site "PlayOK"]
[Date "2025.09.12"]
[Round "-"]
[White "mcts"]
[Black "camry75"]
[Result "1-0"]
[Time "11:08:30"]
[TimeControl "120"]
[WhiteElo "2520"]
[BlackElo "1828"]

1. 76(10) 98 2. 66 87(4) 3. 12(22) 76(8) 4. 25(34) 78 5.
48(38) 36X 6. 94 16 7. 84 82(18) 8. 91X 97(23) 9. 18 26 10.
91 23 11. 78 38 12. 41 91(27) 13. 91 89 14. 45 91 15. 12
52(31) 16. 34 91 17. 13 81(34) 18. 23 89 19. 23 56 20. 91
75 21. 12 89 22. 46 78 23. 23 89 24. 23 56 25. 83 35 26. 89
23 27. 91 34 28. 78 68(38) 29. 32(51) 34 30. 91 89 31. 79
97(42) 32. 12 91(44) 33. 34 78 34. 34 89 35. 24 48 36.
92(56) 91(47) 37. 81 89 38. 23 89 39. 35 92(49) 40. 43(60)
78 41. 92(63) 91(52) 42. 89 89 43. 91 78 44. 91 68 45. 89
89 46. 91 78 47. 57(70) 81(56) 48. 45 23 49. 91 89 50. 45
68 51. 34 59 52. 23 78 53. 91 67 54. 89 78 55. 34 47 56. 91
78 57. 45 95(62) 58. 12 78 59. 71 67 60. 45 78 61. 45 56
62. 34 67 63. 45 67 64. 23 56 65. 34 45 66. 89 56 67. 34 35
68. 45 45 69. 91 34 70. 23 23 71. 34 34 72. 89 67 73. 91 56
74. 91 45 75. 78 56 76. 89 45 77. 91 56 78. 58 79 79. 45 69
80. 78 1-0

[Event "?"]
[Site "PlayOK"]
[Date "2025.09.12"]
[Round "-"]
[White "mcts"]
[Black "wmw3166g"]
[Result "1-0"]
[Time "12:35:39"]
[TimeControl "120"]
[WhiteElo "2521"]
[BlackElo "1197"]

1. 19 32 2. 99 22(12) 3. 66 58(24) 4. 34(14) 61 5. 58
15(26) 6. 94X 95 7. 62(26) 85 8. 18 33 9. 12 51(28) 10. 39
76 11. 21 62(30) 12. 51(37) 83(34) 13. 89(46) 89 14. 13 24
15. 23 79 16. 12 89 17. 23 89 18. 35 67 19. 34 78 20.
98(50) 23 21. 47 13 22. 12 31 23. 12 71 24. 58 81(36) 25.
91(54) 24 26. 75(65) 12 27. 12 98(42) 28. 12 61 29. 68(70)
26 30. 35 71(44) 31. 29 89 32. 34 12 33. 41(73) 68 34. 45
89 35. 95 39 36. 52(79) 79 37. 74 13 38. 83(84) 1-0

[Event "?"]
[Site "PlayOK"]
[Date "2025.09.12"]
[Round "-"]
[White "madridr"]
[Black "mcts"]
[Result "0-1"]
[Time "12:38:42"]
[TimeControl "300"]
[WhiteElo "1949"]
[BlackElo "2521"]

1. 76(10) 98 2. 66 87(4) 3. 12(22) 76(8) 4. 25(34) 78 5.
48(38) 36X 6. 94 16 7. 84 82(18) 8. 91X 97(23) 9. 18 26 10.
91 23 11. 78 38 12. 41 91(27) 13. 82 89 14. 45 91 15. 12 89
16. 34 34 17. 92 34 18. 89 24 19. 91 91(30) 20. 78 23 21.
89 89 22. 91 91 23. 12 34 24. 91 34 25. 89 74 26. 91 91(32)
27. 78 78 28. 89 89 29. 91 91 30. 12 89 31. 58 42(45) 32.
48 68 33. 83 24 34. 72(57) 95(53) 35. 39 36 36. 94 91(60)
37. 78 57(63) 38. 12 83 39. 12 72 40. 12 89 41. 35 93(65)
42. 82(61) 91(67) 43. 91 78 44. 91 89 45. 49 89 46. 21 68
0-1

[Event "?"]
[Site "PlayOK"]
[Date "2025.09.12"]
[Round "-"]
[White "mcts"]
[Black "madridr"]
[Result "1-0"]
[Time "12:46:07"]
[TimeControl "300"]
[WhiteElo "2522"]
[BlackElo "1948"]

1. 76(10) 76(10) 2. 99 89(12) 3. 67 34(24) 4. 56X 47 5. 36
14X 6. 57 12 7. 74(20) 95 8. 16 45 9. 85 14 10. 37 32(49)
11. 95(45) 74 12. 59 24 13. 65(48) 86(54) 14. 16 37 15.
74(59) 79 16. 67 89 17. 83 35 18. 78 34 19. 58 89 20. 78 98
21. 12 91(58) 22. 67 78 23. 67 89 24. 56 16 25. 95(64) 12
26. 71(66) 47 27. 84(69) 12 28. 89 22 29. 78 89 30. 28
92(61) 31. 12 91(63) 32. 89 1-0

[Event "?"]
[Site "PlayOK"]
[Date "2025.09.12"]
[Round "-"]
[White "madridr"]
[Black "mcts"]
[Result "1/2-1/2"]
[Time "12:52:41"]
[TimeControl "300"]
[WhiteElo "1947"]
[BlackElo "2523"]

1. 76(10) 98 2. 66 87(4) 3. 12(22) 76(8) 4. 25(34) 78 5.
48(38) 36X 6. 94 16 7. 84 82(18) 8. 91X 97(23) 9. 18 26 10.
91 23 11. 78 38 12. 41 91(27) 13. 82 64(29) 14. 35 91 15.
34 91(34) 16. 34 82 17. 12 67 18. 92 67 19. 78 77(37) 20.
28 24 21. 82(49) 91(40) 22. 91 89 23. 91 89 24. 89 92(42)
25. 12 53 26. 12 46 27. 25 79 28. 23 23 29. 38 37 30.
43(55) 81(47) 31. 92(58) 69 32. 81 46 33. 91 89 34. 71 79
35. 91 67 36. 91 89 37. 45 78 38. 89 67 39. 91 89 40.
56(68) 52(51) 41. 34 81 42. 13 71(53) 43. 81 89 44. 45 89
45. 45 56 46. 34 67 47. 45 78 48. 34 78 49. 23 67 50. 45 34
51. 34 47 52. 45 23 53. 92(72) 45 54. 79 34 55. 91 56 56.
91 45 57. 89 89 58. 91 78 59. 89 67 60. 91 78 61. 78 67 62.
52 23 63. 91 56 64. 78 56 65. 81 34 66. 91 45 67. 89 34 68.
91 45 69. 56 81 70. 12 78 71. 23 78 72. 34 67 73. 45 56 74.
56 81 75. 12 78 76. 23 67 77. 34 56 78. 45 78 79. 56 81 80.
12 67 81. 23 78 82. 34 89 83. 45 89 84. 56 67 1/2-1/2 {zero}

