[Event "?"]
[Site "PlayOK"]
[Date "2025.07.02"]
[Round "-"]
[White "serikaktayev"]
[Black "mcts"]
[Result "0-1"]
[Time "08:36:47"]
[TimeControl "420"]
[WhiteElo "1422"]
[BlackElo "2493"]

1. 76(10) 98 2. 99(12) 77X 3. 91(24) 91(15) 4. 45(36) 46 5.
58 25(19) 6. 91X 83 7. 91 92 8. 14 38 9. 12 47 10. 49 34
11. 39 24 12. 92(45) 47 13. 34 81(25) 14. 58 64(30) 15. 87
67 16. 56 78(34) 17. 13 96 18. 61 83 19. 14 54(42) 20. 32
36 21. 34 56 22. 68 47 23. 12 56 24. 94(52) 63 25. 12 72
26. 25 96(50) 27. 92 67 28. 48 91 29. 85(60) 37 30. 15
83(57) 31. 55(63) 21 32. 13 23 0-1

[Event "?"]
[Site "PlayOK"]
[Date "2025.07.02"]
[Round "-"]
[White "mcts"]
[Black "serikaktayev"]
[Result "1-0"]
[Time "08:46:18"]
[TimeControl "420"]
[WhiteElo "2493"]
[BlackElo "1422"]

1. 65(10) 1-0

[Event "?"]
[Site "PlayOK"]
[Date "2025.07.09"]
[Round "-"]
[White "pbb7858g"]
[Black "mcts"]
[Result "0-1"]
[Time "13:20:11"]
[TimeControl "60"]
[WhiteElo "1551"]
[BlackElo "2493"]

1. 87(10) 11(10) 2. 99 35(20) 3. 91X 79 4. 76(28) 48X 5.
45(45) 26(36) 6. 35(48) 47 7. 24(51) 71(42) 8. 72(56) 68 9.
67 78 10. 67 67 11. 59 38 12. 71 79 13. 96(60) 78 14. 91 57
15. 67 81(48) 16. 91 89 17. 56 89 18. 67 78 19. 71 78 20.
48 89 0-1

[Event "?"]
[Site "PlayOK"]
[Date "2025.07.09"]
[Round "-"]
[White "mcts"]
[Black "alvarez19"]
[Result "1-0"]
[Time "13:22:38"]
[TimeControl "60"]
[WhiteElo "2493"]
[BlackElo "1639"]

1. 87(10) 87(10) 2. 99 23 3. 89 81(22) 4. 91(22) 57 5. 91
69 6. 68(26) 47(26) 7. 26(30) 73(42) 8. 48X 25 9. 23 67 10.
23 47 11. 34 67 12. 45 39 13. 34 73(44) 14. 83(37) 99 15.
62(42) 17 16. 81(44) 91(52) 17. 72(46) 68 18. 89 67 19. 67
72(56) 20. 12 55 21. 55 93(60) 22. 13 91(62) 23. 89 67 24.
49 67 25. 26 72(64) 26. 12 56 27. 71 13 28. 81(53) 48 29.
89 1-0

[Event "?"]
[Site "PlayOK"]
[Date "2025.08.01"]
[Round "-"]
[White "mcts"]
[Black "atl"]
[Result "0-1"]
[Time "21:31:42"]
[TimeControl "60"]
[WhiteElo "2493"]
[BlackElo "1639"]

1. 65(10) 65(10) 0-1

[Event "?"]
[Site "PlayOK"]
[Date "2025.08.01"]
[Round "-"]
[White "spanchbob"]
[Black "mcts"]
[Result "1-0"]
[Time "21:33:09"]
[TimeControl "300"]
[WhiteElo "2234"]
[BlackElo "2461"]

1. 76(10) 1-0

[Event "?"]
[Site "PlayOK"]
[Date "2025.08.01"]
[Round "-"]
[White "mcts"]
[Black "spanchbob"]
[Result "0-1"]
[Time "21:37:13"]
[TimeControl "300"]
[WhiteElo "2436"]
[BlackElo "2259"]

1. 87(10) 87(10) 0-1

[Event "?"]
[Site "PlayOK"]
[Date "2025.08.01"]
[Round "-"]
[White "mcts"]
[Black "spanchbob"]
[Result "1-0"]
[Time "21:55:57"]
[TimeControl "60"]
[WhiteElo "2412"]
[BlackElo "2283"]

1. 76(10) 98 2. 66 87(4) 3. 45(22) 76(8) 4. 35 56 5. 59(26)
81 6. 14 49(24) 7. 72(42) 91X 8. 91 89 9. 26 39(30) 10. 41
11 11. 52X 47 12. 83(51) 94(37) 13. 66(62) 82(44) 14. 56 91
15. 95 17 16. 31(66) 55 17. 68 76(49) 18. 83(71) 1-0

[Event "?"]
[Site "PlayOK"]
[Date "2025.08.01"]
[Round "-"]
[White "spanchbob"]
[Black "mcts"]
[Result "1/2-1/2"]
[Time "21:57:27"]
[TimeControl "60"]
[WhiteElo "2273"]
[BlackElo "2422"]

1. 76(10) 76(10) 2. 99 89(12) 3. 67 34(24) 4. 56X 24 5. 81
72(38) 6. 71(29) 83(52) 7. 17(32) 24 8. 81(34) 52 9. 12 23
10. 12 23 11. 26 42 12. 12 81 13. 12 89 14. 71 13 15.
61(38) 92(58) 16. 12 33(64) 17. 12 92(68) 18. 12 24 19.
51(42) 58 20. 85(45) 12 21. 68 24 22. 89 72(70) 23. 12 36
24. 72(48) 82(72) 25. 12 34 26. 89 92(74) 27. 12 42(76) 28.
12 91(78) 29. 23 12 30. 49 45 31. 34 23 32. 45 34 33. 89 45
34. 89 89 35. 78 78 36. 67 78 37. 78 58 38. 45 78 39. 89 83
40. 23 89 41. 12 93X 42. 12 56 43. 58 91 44. 12 1/2-1/2 {zero}

[Event "?"]
[Site "PlayOK"]
[Date "2025.08.01"]
[Round "-"]
[White "mcts"]
[Black "spanchbob"]
[Result "1-0"]
[Time "21:59:55"]
[TimeControl "60"]
[WhiteElo "2416"]
[BlackElo "2279"]

1. 65(10) 65(10) 2. 11 99(22) 3. 56 91X 4. 81 56 5. 79(12)
81 6. 25(14) 89 7. 62(28) 36(30) 8. 83(30) 89 9. 23 61 10.
39(36) 49(40) 11. 81 11 12. 74X 82(46) 13. 35 25 14. 34 13
15. 53(46) 12 16. 82 92 17. 69 26 18. 45 62 19. 24 92(52)
20. 71(52) 52 21. 23 91 22. 67 91 23. 57 82 24. 56 91 25.
46 89 26. 45 91 27. 35 23 28. 82(54) 78 29. 89 23 30. 71 13
31. 61(57) 89 32. 78 78 33. 82(59) 68 34. 58 78 35. 23
82(62) 36. 35 92 37. 89 12 38. 78 56 39. 89 67 40. 89 78
41. 67 89 42. 78 38 43. 56 23 44. 67 1-0

[Event "?"]
[Site "PlayOK"]
[Date "2025.08.01"]
[Round "-"]
[White "spanchbob"]
[Black "mcts"]
[Result "0-1"]
[Time "22:02:59"]
[TimeControl "60"]
[WhiteElo "2269"]
[BlackElo "2426"]

1. 76(10) 76(10) 2. 99 12 3. 78 92 4. 56X 47X 5. 14(16)
91(16) 6. 93 82 7. 27 45 8. 12 52 9. 12 22 10. 26 31 11.
95(24) 94(41) 12. 54(28) 91(46) 13. 91 14 14. 89 45 15. 89
27 16. 93 13 17. 91(33) 91 18. 13 78(50) 19. 28 45 20. 89
24 21. 23 91 22. 13 91(53) 23. 32 12 24. 12 46 25. 24
52(57) 26. 12 33(61) 27. 89 88(64) 28. 24 34 29. 93 12 30.
43(39) 93 31. 13 71(67) 32. 91 89 33. 24 92(69) 34. 12 28
35. 91(44) 23 36. 65 35 37. 91(47) 91(72) 38. 46 81 39.
55(53) 91(75) 40. 81(55) 23 41. 68 79 42. 89 35 43. 38 91
44. 23 42(79) 45. 56 78 0-1

[Event "?"]
[Site "PlayOK"]
[Date "2025.08.01"]
[Round "-"]
[White "mcts"]
[Black "spanchbob"]
[Result "1-0"]
[Time "22:06:44"]
[TimeControl "120"]
[WhiteElo "2435"]
[BlackElo "2260"]

1. 87(10) 87(10) 2. 99 23 3. 44 68X 4. 91 82 5. 91(24) 94
6. 91(26) 91 7. 58(28) 49(18) 8. 17(34) 39(22) 9. 74(38) 27
10. 12 13 11. 39 12 12. 59 63(27) 13. 12 45 14. 41(40) 25
15. 23 12 16. 57 39 17. 12 84 18. 25 47 19. 94(42) 34 20.
91(44) 34 21. 12 45 22. 23 74 23. 56 89 24. 23 69 25. 56 89
26. 12 89 27. 39 45 28. 23 78 29. 56 67 30. 12 89 31. 34 78
32. 34 89 33. 91 78 34. 23 89 35. 23 52(33) 36. 75X 34 37.
91(51) 34 38. 35 89 39. 44 28 40. 91(54) 89 41. 12 79 42.
78 89 43. 57 89 44. 45 68 45. 67(60) 12 46. 71(62) 89 47.
57 68 48. 34 89 49. 45 78 50. 78 89 51. 56 67 52. 34 78 53.
45 42 54. 13 81(42) 55. 69 36 56. 56 67 57. 25 78 58. 67 89
59. 56 91 60. 72(71) 1-0

[Event "?"]
[Site "PlayOK"]
[Date "2025.08.01"]
[Round "-"]
[White "spanchbob"]
[Black "mcts"]
[Result "1-0"]
[Time "22:11:20"]
[TimeControl "120"]
[WhiteElo "2251"]
[BlackElo "2444"]

1. 76(10) 98 2. 66 23 3. 91 92(12) 4. 81 91 5. 91(24)
91(28) 6. 67 59(30) 7. 56(30) 38(34) 8. 12 67 9. 12 12 10.
56 73 11. 75(34) 42 12. 93(38) 93(50) 13. 62(48) 15 14. 48
86 15. 93(52) 58 16. 72 56 17. 91(58) 26 18. 85(60) 23 19.
91(62) 91 20. 89 23 21. 68 89 22. 78 91(56) 23. 34 91 24.
89 89 25. 59 91(58) 26. 89 62 27. 12 89 28. 78 72 29. 12 92
30. 12 67 31. 67 78 32. 46 89 33. 78 49 34. 26(64) 56 35.
95(66) 12 36. 82(70) 12 37. 91(72) 89 38. 78 89 39. 45 67
40. 45 79 41. 59 46 42. 69 23 43. 23 39 44. 34 67 45. 67 56
46. 56 45 47. 34 34 48. 45 56 49. 45 45 50. 67 79 51. 56 56
52. 56 78 53. 92 69 54. 82(74) 12 55. 72(76) 12 56. 92(78)
12 57. 91(80) 23 58. 89 34 59. 67 56 60. 78 45 61. 78
98(62) 62. 12 83(64) 63. 12 45 64. 67 1-0

[Event "?"]
[Site "PlayOK"]
[Date "2025.08.01"]
[Round "-"]
[White "mcts"]
[Black "spanchbob"]
[Result "1-0"]
[Time "22:17:10"]
[TimeControl "120"]
[WhiteElo "2420"]
[BlackElo "2275"]

1. 54(10) 98 2. 99(12) 55X 3. 91(24) 78(16) 4. 13(36)
67(32) 5. 37X 25 6. 41 58 7. 14 35 8. 12 94 9. 81(46) 23
10. 89 34 11. 21 41 12. 13 63 13. 24 93 14. 13 91(38) 15.
24 34 16. 95 24 17. 79 59 18. 91 13 19. 91(52) 56 20. 89 68
21. 89 23 22. 49 81(42) 23. 35(56) 89 24. 34 12 25. 81(58)
89 26. 23 49 27. 95(61) 12 28. 67 28 29. 91(65) 81(46) 30.
89 61 31. 89 56 32. 92(68) 12 33. 34 89 34. 49 1-0

[Event "?"]
[Site "PlayOK"]
[Date "2025.08.01"]
[Round "-"]
[White "spanchbob"]
[Black "mcts"]
[Result "1-0"]
[Time "22:20:33"]
[TimeControl "120"]
[WhiteElo "2265"]
[BlackElo "2430"]

1. 76(10) 44(10) 2. 99 57(12) 3. 91(22) 45 4. 55X 81 5.
68(28) 71 6. 93(42) 26X 7. 91(49) 61 8. 16(52) 12 9. 27(57)
25 10. 91(60) 67 11. 12 78 12. 73 23 13. 51(62) 38 14.
92(65) 12 15. 78 23 16. 49 67 17. 78 83 18. 12 89 19.
81(68) 23 20. 89 36 21. 78 79 22. 89 67 23. 89 78 24. 12 81
25. 78 92(29) 26. 33 79 27. 98 13 28. 81(74) 78 29. 91 12
30. 89 26 31. 59 93 32. 92(77) 12 33. 79 91(37) 34. 89 61
35. 47 91(40) 36. 92(79) 12 37. 89 23 38. 23 78 39. 45 67
40. 23 48 41. 79 91(43) 42. 89 87(46) 43. 93(88) 1-0

[Event "?"]
[Site "PlayOK"]
[Date "2025.08.01"]
[Round "-"]
[White "mcts"]
[Black "spanchbob"]
[Result "1-0"]
[Time "22:24:42"]
[TimeControl "120"]
[WhiteElo "2407"]
[BlackElo "2288"]

1. 21(10) 98 2. 67(20) 22X 3. 34(32) 88(18) 4. 68 12 5.
58(34) 57 6. 14(36) 13 7. 69 38 8. 67 34 9. 58 45 10. 71X
62 11. 14 45 12. 69 96(27) 13. 45 21(32) 14. 89(46) 76(35)
15. 92(52) 37 16. 35 41 17. 54(56) 23 18. 82(59) 71(40) 19.
75 37 20. 34 89 21. 34 59(50) 22. 43(63) 65 23. 91 81(55)
24. 62 1-0

[Event "?"]
[Site "PlayOK"]
[Date "2025.08.01"]
[Round "-"]
[White "spanchbob"]
[Black "mcts"]
[Result "1-0"]
[Time "22:27:42"]
[TimeControl "120"]
[WhiteElo "2277"]
[BlackElo "2418"]

1. 76(10) 44(10) 2. 99 57(12) 3. 91(22) 34(14) 4. 88(36) 47
5. 91(38) 34 6. 89 34 7. 91 12 8. 66 26(16) 9. 14(44) 94
10. 92(48) 91X 11. 81 89 12. 58 52(36) 13. 38X 67(43) 14.
23 56 15. 81(60) 46 16. 61 23 17. 89 39 18. 35 93(46) 19.
89 57 20. 58 45 21. 89 34 22. 78 23 23. 89 91 24. 49 61 25.
89 56 26. 78 45 27. 89 12 28. 68 56 29. 89 72 30. 24 92(53)
31. 67 12 32. 95 79 33. 23 57 34. 71(68) 92 35. 91 62(58)
36. 91(71) 67 37. 89 46 38. 89 56 39. 58 56 40. 78 45 41.
91 12 42. 89 35 43. 89 26 44. 92(73) 12 45. 78 91 46. 67 91
47. 78 71 48. 89 69 49. 89 57 50. 92(77) 12 51. 67 45 52.
78 67 53. 56 34 54. 67 56 55. 89 45 56. 78 91 57. 47 23 58.
89 71 59. 78 67 60. 67 67 61. 56 91 62. 45 56 63. 36 34 64.
89 34 65. 78 46 66. 89 67 67. 67 71 68. 78 67 69. 67 56 70.
56 67 71. 89 56 72. 78 67 73. 89 91 74. 67 71 75. 78 78 76.
89 45 77. 56 91 78. 67 56 79. 78 91 80. 89 67 81. 98 1-0

[Event "?"]
[Site "PlayOK"]
[Date "2025.08.01"]
[Round "-"]
[White "mcts"]
[Black "spanchbob"]
[Result "1-0"]
[Time "22:34:06"]
[TimeControl "120"]
[WhiteElo "2396"]
[BlackElo "2299"]

1. 32(10) 98 2. 89(12) 55(12) 3. 91 91 4. 14(24) 68X 5. 25X
91 6. 13 36 7. 41 16 8. 14 69 9. 26 47 10. 93(35) 76 11.
91(40) 68 12. 12 34 13. 24 78 14. 36(43) 12 15. 67 81(25)
16. 43(49) 89 17. 57(54) 26(33) 18. 71(62) 43(41) 19.
97(68) 12 20. 27 82(43) 21. 14 25 22. 67 94 23. 23 63 24.
13 91(46) 25. 91(71) 89 26. 67 89 27. 24 78 28. 91 89 29.
39 67 30. 67 78 31. 51(73) 38 32. 76(77) 12 33. 34 89 34.
43 26 35. 45 78 36. 57 12 37. 56 89 38. 61 36 39. 71(81) 67
40. 67 67 41. 95 1-0

[Event "?"]
[Site "PlayOK"]
[Date "2025.08.01"]
[Round "-"]
[White "spanchbob"]
[Black "mcts"]
[Result "1-0"]
[Time "22:38:18"]
[TimeControl "120"]
[WhiteElo "2287"]
[BlackElo "2408"]

1. 76(10) 98 2. 66 87(4) 3. 12(22) 76(8) 4. 25(34) 78 5.
48(38) 36X 6. 94 16 7. 84 82(18) 8. 91X 97(23) 9. 18 26 10.
91 23 11. 78 89 12. 81 51(26) 13. 41 43 14. 57 94(34) 15.
37 24 16. 94 23 17. 73 36 18. 15 77(40) 19. 37 93(43) 20.
53(52) 68(53) 21. 92(57) 85 22. 79 59 23. 91 67 24. 42
71(60) 25. 34 49 26. 91 82 27. 91 78 28. 89 67 29. 91 78
30. 12 67 31. 89 96 32. 12 81 33. 12 56 34. 34 78 35. 78 78
36. 91 56 37. 89 67 38. 78 78 39. 29 45 40. 91 67 41. 91
92(64) 42. 12 83 43. 89 91(66) 44. 51 78 45. 91 89 46. 89
89 47. 78 34 48. 91 78 49. 89 89 50. 35 67 51. 91 23 52. 49
56 53. 34 78 54. 45 45 55. 91 67 56. 23 56 57. 34 89 58. 91
34 59. 89 78 60. 91 45 61. 89 89 62. 78 56 63. 58 67 64. 45
78 65. 91 67 66. 89 56 67. 89 23 68. 78 78 69. 78 67 70. 91
89 71. 91 89 72. 45 1-0

[Event "?"]
[Site "PlayOK"]
[Date "2025.08.01"]
[Round "-"]
[White "mcts"]
[Black "spanchbob"]
[Result "1-0"]
[Time "22:42:49"]
[TimeControl "120"]
[WhiteElo "2387"]
[BlackElo "2308"]

1. 76(10) 98 2. 55 76(12) 3. 12(22) 88(26) 4. 25(34) 92(28)
5. 89 91(32) 6. 48(36) 15 7. 95 71X 8. 74(52) 39 9. 24
82(39) 10. 92(58) 94(46) 11. 54(60) 23 12. 91(66) 35 13. 33
34 14. 63(68) 23 15. 84(72) 1-0

[Event "?"]
[Site "PlayOK"]
[Date "2025.08.01"]
[Round "-"]
[White "spanchbob"]
[Black "mcts"]
[Result "0-1"]
[Time "22:44:59"]
[TimeControl "120"]
[WhiteElo "2296"]
[BlackElo "2399"]

1. 76(10) 98 2. 66 76(2) 3. 12(22) 88(16) 4. 25(34) 92(18)
5. 59(36) 15(20) 6. 74 49(36) 7. 61X 71(42) 8. 83(56) 92X
9. 41 27 10. 45 91 11. 39(60) 23 12. 13 51(48) 13. 58
64(51) 14. 35 73(54) 15. 93 37 16. 73(64) 78 17. 56 67 18.
56 56 19. 91 24 20. 83(68) 23 21. 62(71) 49 22. 45 79 23.
56 68 24. 89 34 25. 78 78 26. 89 78 27. 89 56 28. 67 67 29.
78 78 30. 78 56 31. 89 45 32. 67 67 33. 78 67 34. 89 56 35.
89 78 36. 12 45 0-1

[Event "?"]
[Site "PlayOK"]
[Date "2025.08.01"]
[Round "-"]
[White "mcts"]
[Black "spanchbob"]
[Result "1-0"]
[Time "22:48:33"]
[TimeControl "120"]
[WhiteElo "2410"]
[BlackElo "2285"]

1. 43(10) 98 2. 99(12) 44X 3. 12(24) 56 4. 81 69(10) 5. 89
83 6. 51 73 7. 39(32) 18(20) 8. 94(38) 28 9. 18 12 10. 21
12 11. 89 25 12. 51(40) 23 13. 56 46 14. 61(42) 23 15. 37
37 16. 57 56(32) 17. 75X 95(38) 18. 97(56) 91(46) 19.
91(60) 89 20. 67 91(49) 21. 38 68 22. 87(63) 25 23. 91(66)
91(53) 24. 73 67 25. 29 42(56) 26. 81(69) 39 27. 12 82(58)
28. 12 23 29. 23 79 30. 89 89 31. 78 68 32. 69 89 33. 89 89
34. 78 78 35. 89 89 36. 89 67 37. 58 78 38. 89 78 39. 78 34
40. 78 23 41. 67 46 42. 89 89 43. 89 1-0

[Event "?"]
[Site "PlayOK"]
[Date "2025.08.01"]
[Round "-"]
[White "spanchbob"]
[Black "mcts"]
[Result "0-1"]
[Time "22:53:35"]
[TimeControl "120"]
[WhiteElo "2275"]
[BlackElo "2420"]

1. 76(10) 87(2) 2. 66 45 3. 91 13(14) 4. 89(24) 61(28) 5.
45(40) 27X 6. 58(48) 41(34) 7. 25(52) 32 8. 95(54) 17 9.
83(58) 12 10. 23 62(38) 11. 91(60) 29 12. 47 34 13. 58 41
14. 89 45 15. 45 23 16. 89 34 17. 64(62) 12 18. 56 34 19.
89 23 20. 36 96(45) 21. 45 71(52) 22. 95(68) 12 23. 45 69
0-1

[Event "?"]
[Site "PlayOK"]
[Date "2025.08.01"]
[Round "-"]
[White "mcts"]
[Black "spanchbob"]
[Result "1-0"]
[Time "22:55:55"]
[TimeControl "120"]
[WhiteElo "2430"]
[BlackElo "2265"]

1. 54(10) 98 2. 44 65(4) 3. 12(22) 88(18) 4. 25(32) 92(20)
5. 89 91(24) 6. 37 46 7. 95 79(26) 8. 64 38(30) 9. 37 47
10. 34 51 11. 53(34) 18(32) 12. 71X 86 13. 18 97(36) 14. 21
28 15. 66(51) 75(44) 16. 95(58) 1-0

[Event "?"]
[Site "PlayOK"]
[Date "2025.08.01"]
[Round "-"]
[White "spanchbob"]
[Black "mcts"]
[Result "0-1"]
[Time "22:58:18"]
[TimeControl "120"]
[WhiteElo "2256"]
[BlackElo "2439"]

1. 76(10) 98 2. 66 87(4) 3. 12(22) 67 4. 46 77X 5. 59(26)
58(25) 6. 63(40) 16(28) 0-1

[Event "?"]
[Site "PlayOK"]
[Date "2025.08.01"]
[Round "-"]
[White "mcts"]
[Black "spanchbob"]
[Result "1-0"]
[Time "22:59:33"]
[TimeControl "120"]
[WhiteElo "2447"]
[BlackElo "2248"]

1. 76(10) 98 2. 99(12) 77X 3. 91(24) 91(15) 4. 45(36) 46 5.
58 25(19) 6. 91X 83 7. 91 92 8. 27 72(23) 9. 84 62(25) 10.
56 67 11. 49 25 12. 56 93 13. 45 49 14. 23 91 15. 32 84(29)
16. 57 23 17. 68 35 18. 14(53) 25 19. 69 75 20. 27 82(38)
21. 13 69 22. 86(56) 37 23. 99 71(40) 24. 31 82(43) 25. 91
24 26. 52(62) 51 27. 61 35 28. 93(67) 89 29. 34 23 30.
83(70) 23 31. 91 89 32. 12 78 33. 56 49 34. 23 89 35. 91 89
36. 42 78 37. 12 1-0

[Event "?"]
[Site "PlayOK"]
[Date "2025.08.01"]
[Round "-"]
[White "spanchbob"]
[Black "mcts"]
[Result "0-1"]
[Time "23:03:17"]
[TimeControl "120"]
[WhiteElo "2240"]
[BlackElo "2455"]

1. 76(10) 76(10) 2. 99 12 3. 78 46 4. 89(24) 83 5. 92
72(24) 6. 15 28(28) 7. 37X 62X 8. 71 31 9. 62 94 10. 15 24
11. 67 54 12. 37 11 13. 45 86(41) 14. 15 89 15. 47 95 16.
52(39) 91(48) 17. 56 89 18. 86 15 19. 77 64(53) 20. 39 32
21. 81 93(57) 22. 13 53(61) 23. 78 13 0-1

[Event "?"]
[Site "PlayOK"]
[Date "2025.08.01"]
[Round "-"]
[White "mcts"]
[Black "spanchbob"]
[Result "1-0"]
[Time "23:06:20"]
[TimeControl "120"]
[WhiteElo "2462"]
[BlackElo "2233"]

1. 76(10) 98 2. 99(12) 77X 3. 91(24) 91(15) 4. 45(36) 46 5.
58 25(19) 6. 91X 83 7. 91 92 8. 27 72(23) 9. 84 92(25) 10.
17 62(28) 11. 64 71(33) 12. 42(51) 84(36) 13. 81 89 14. 23
78 15. 12 67 16. 23 89 17. 35 89 18. 45 23 19. 34 78 20. 23
52(39) 21. 96(58) 23 22. 12 56 23. 12 89 24. 52 42 25. 45
89 26. 56 79 27. 24 89 28. 81 36 29. 89 34 30. 94 24 31.
62(65) 69 32. 89 35 33. 56 67 34. 36 81 35. 13 71(44) 36.
56 89 37. 47 59 38. 24 89 39. 61 34 40. 23 78 41. 56 42 42.
12 94(51) 43. 25 82(53) 44. 13 92(55) 45. 31 57 46. 95(71)
71 47. 13 91(58) 48. 45 1-0

[Event "?"]
[Site "PlayOK"]
[Date "2025.08.01"]
[Round "-"]
[White "spanchbob"]
[Black "mcts"]
[Result "0-1"]
[Time "23:10:28"]
[TimeControl "120"]
[WhiteElo "2226"]
[BlackElo "2469"]

1. 76(10) 98 2. 66 34 3. 91 47(4) 4. 56 25(6) 5. 47(24)
15(8) 6. 92(28) 64X 7. 91X 78 8. 78 38 9. 38(50) 96(19) 10.
56 91(37) 11. 91 23 12. 78 68 13. 28(54) 42(40) 14. 87 74
15. 91 81(46) 16. 23 69 17. 79 89 18. 57 95(49) 19. 12 89
20. 91 37 21. 39 79 22. 24 92(53) 23. 12 89 24. 91 78 25.
81 23 26. 91 89 27. 79 67 28. 91 78 29. 91 92(55) 30. 12 89
31. 23 51(58) 32. 81 78 33. 62 24 34. 92(68) 68 35. 91
82(60) 36. 89 78 37. 79 89 38. 67 89 39. 56 56 0-1

[Event "?"]
[Site "PlayOK"]
[Date "2025.08.01"]
[Round "-"]
[White "mcts"]
[Black "spanchbob"]
[Result "1-0"]
[Time "23:14:27"]
[TimeControl "120"]
[WhiteElo "2475"]
[BlackElo "2220"]

1. 98(10) 98(10) 2. 91 91 3. 66 67(22) 4. 13(22) 78X 5.
91(36) 91 6. 25(48) 46(32) 7. 38(52) 34 8. 71X 26(36) 9. 42
35 10. 34 23 11. 45 89 12. 34 89 13. 45 72 14. 17 61(39)
15. 27 89 16. 58 23 17. 47 89 18. 74(66) 23 19. 62(69)
51(45) 20. 57 71 21. 12 68 22. 24 82(47) 23. 12 89 24. 67
78 25. 71 38 26. 56 89 27. 67 89 28. 67 78 29. 36 89 30. 67
78 31. 71 67 32. 46 98 33. 12 89 34. 57 78 35. 45 89 36. 24
89 37. 35 78 38. 23 89 39. 57 67 40. 91 1-0

[Event "?"]
[Site "PlayOK"]
[Date "2025.08.01"]
[Round "-"]
[White "spanchbob"]
[Black "mcts"]
[Result "0-1"]
[Time "23:18:02"]
[TimeControl "120"]
[WhiteElo "2214"]
[BlackElo "2481"]

1. 76(10) 98 2. 66 87(4) 3. 12(22) 67 4. 57 23 5. 56 57X 6.
36X 92(22) 7. 56 79 8. 56 47 9. 56 37 10. 56 15(27) 11. 61
24 12. 37 85(31) 13. 96 13 14. 91(32) 24 15. 56 89 16. 69
39 17. 27 23 18. 91 12 0-1

[Event "?"]
[Site "PlayOK"]
[Date "2025.08.01"]
[Round "-"]
[White "mcts"]
[Black "spanchbob"]
[Result "1-0"]
[Time "23:21:22"]
[TimeControl "120"]
[WhiteElo "2487"]
[BlackElo "2208"]

1. 43(10) 98 2. 78(20) 55(12) 3. 67(32) 13(24) 4. 67 46 5.
82 26(26) 6. 27 83(30) 7. 67 52X 8. 18X 74(43) 9. 73(44) 56
10. 34 48 11. 67 45 12. 45 57 13. 34 79 14. 96 16 15.
51(49) 57 16. 45 45 17. 45 45 18. 57 57 19. 13 71(47) 20.
34 34 21. 83(52) 12 22. 92 12 23. 89 22 24. 91 12 25. 71 12
26. 68 45 27. 89 65 28. 13 71(53) 29. 79 67 30. 57 67 31.
81(58) 58 32. 78 56 33. 89 67 34. 68 67 35. 89 45 36. 67 56
37. 79 45 38. 46 34 39. 67 56 40. 56 45 41. 36 73(56) 42.
67 25 43. 89 97 44. 89 12 45. 67 24 46. 72(62) 57 47. 57 79
48. 89 69 49. 89 46 50. 78 67 51. 46 56 52. 89 79 53. 34 67
54. 68 36 55. 78 78 56. 89 67 57. 56 78 58. 67 67 59. 45 56
60. 56 45 61. 78 56 62. 97 68 63. 13 71(61) 64. 89 56 65.
91 13 66. 91(72) 67 67. 89 1-0

[Event "?"]
[Site "PlayOK"]
[Date "2025.08.01"]
[Round "-"]
[White "spanchbob"]
[Black "mcts"]
[Result "0-1"]
[Time "23:26:47"]
[TimeControl "120"]
[WhiteElo "2203"]
[BlackElo "2492"]

1. 76(10) 98 2. 66 23 3. 91 13(12) 4. 81 51 5. 56 56 6.
72(16) 95(14) 7. 94 83 8. 56 91(32) 9. 61(24) 72 10. 56 42
11. 29(28) 66(38) 12. 73(48) 83(46) 13. 57 89 14. 42 15 15.
97(54) 12 16. 25 51(52) 17. 89(60) 12 18. 45 24(54) 19. 23
62(56) 0-1

[Event "?"]
[Site "PlayOK"]
[Date "2025.08.01"]
[Round "-"]
[White "mcts"]
[Black "spanchbob"]
[Result "1-0"]
[Time "23:29:49"]
[TimeControl "120"]
[WhiteElo "2497"]
[BlackElo "2198"]

1. 87(10) 87(10) 2. 33 34(22) 3. 78 78 4. 81(22) 45(34) 5.
67(24) 58X 6. 14X 83(44) 7. 27(30) 13 8. 34 12 9. 12 56 10.
23 28 11. 49 89 12. 34 56 13. 45 38 14. 73(34) 56 15. 23 23
16. 62(36) 67 17. 52(39) 81(55) 18. 35 71 19. 23 89 20. 56
67 21. 46 56 22. 23 78 23. 12 14 24. 61(42) 91(59) 25. 23
1-0

[Event "?"]
[Site "PlayOK"]
[Date "2025.08.01"]
[Round "-"]
[White "spanchbob"]
[Black "mcts"]
[Result "0-1"]
[Time "23:33:33"]
[TimeControl "120"]
[WhiteElo "2193"]
[BlackElo "2502"]

1. 76(10) 98 2. 66 76(2) 3. 12(22) 91(4) 4. 24(34) 56X 5.
59 81 6. 38(36) 24 7. 75(40) 39(29) 8. 42 95(36) 9. 91
91(42) 10. 27 89 11. 71(60) 62(45) 12. 81(62) 92(48) 13. 13
81(50) 0-1

[Event "?"]
[Site "PlayOK"]
[Date "2025.08.01"]
[Round "-"]
[White "mcts"]
[Black "spanchbob"]
[Result "0-1"]
[Time "23:35:22"]
[TimeControl "120"]
[WhiteElo "2507"]
[BlackElo "2188"]

1. 65(10) 65(10) 2. 99 89(12) 3. 56 78(24) 4. 46X 35X 5.
14(28) 14(32) 6. 72 83(48) 7. 29(49) 72(51) 8. 93(55) 14 9.
15 51(54) 10. 91(58) 34 11. 34 82(56) 12. 63 48 13. 83(61)
89 14. 91 13 15. 91(63) 34 16. 79 93(58) 17. 23 79 18. 12
91(60) 19. 23 89 20. 89 24 21. 23 89 22. 78 78 23. 67 89
24. 81(66) 78 25. 78 89 26. 89 57 27. 89 47 28. 78 89 29.
89 78 30. 67 78 31. 47 89 32. 78 45 33. 89 57 34. 78 78 35.
36 89 36. 89 89 37. 67 34 38. 78 45 39. 12 34 40. 67 45 41.
78 57 42. 34 78 43. 89 23 44. 89 34 45. 23 45 46. 34 23 47.
47 34 48. 78 45 49. 89 57 50. 67 78 51. 78 89 52. 89 89 53.
93 12 54. 23 89 55. 34 78 0-1

[Event "?"]
[Site "PlayOK"]
[Date "2025.08.01"]
[Round "-"]
[White "spanchbob"]
[Black "mcts"]
[Result "0-1"]
[Time "23:39:03"]
[TimeControl "120"]
[WhiteElo "2216"]
[BlackElo "2479"]

1. 76(10) 76(10) 2. 99 91 3. 67 23(22) 4. 56X 14(34) 5. 14
38(48) 6. 27(22) 34 7. 58 83 8. 23 34 9. 23 34 10. 56 14
11. 56 52 12. 77(26) 34 13. 83(28) 14 14. 89 34 15. 78
41(54) 16. 23 12 17. 56 97(56) 18. 68 83(68) 19. 12 34 20.
41 91(70) 21. 25 26 22. 12 48 23. 24 72(72) 0-1

[Event "?"]
[Site "PlayOK"]
[Date "2025.08.01"]
[Round "-"]
[White "mcts"]
[Black "spanchbob"]
[Result "0-1"]
[Time "23:42:21"]
[TimeControl "120"]
[WhiteElo "2485"]
[BlackElo "2210"]

1. 98(10) 98(10) 2. 91 91 3. 66 67(22) 4. 56(12) 24(34) 5.
14(26) 15X 6. 26X 39 7. 94(34) 13 8. 71(36) 93 9. 84 12 10.
89 82(43) 0-1

[Event "?"]
[Site "PlayOK"]
[Date "2025.08.01"]
[Round "-"]
[White "spanchbob"]
[Black "mcts"]
[Result "0-1"]
[Time "23:46:04"]
[TimeControl "120"]
[WhiteElo "2237"]
[BlackElo "2458"]

1. 76(10) 76(10) 2. 99 89(12) 3. 67 92 4. 91 67 5. 71(24)
24 6. 82 58(14) 7. 48 37(18) 8. 38 76(24) 9. 18 87X 10.
94(42) 15 11. 81(44) 37 12. 12 96 13. 56 53 14. 26 93(39)
15. 16 56 16. 81X 68(42) 17. 12 91(44) 18. 65(50) 83 19. 12
67 20. 51 75(48) 21. 12 22 22. 12 81 23. 47 94(51) 24. 25
42(54) 25. 13 89 26. 12 39 27. 23 72(56) 28. 12 24 29.
82(56) 69 30. 56 82(58) 31. 99(65) 51(60) 32. 61 71 33. 91
91(63) 34. 89 78 35. 91 68 36. 31 78 37. 91 67 38. 89 78
39. 89 23 40. 56 47 41. 68 36 42. 89 34 0-1

[Event "?"]
[Site "PlayOK"]
[Date "2025.08.01"]
[Round "-"]
[White "mcts"]
[Black "spanchbob"]
[Result "1-0"]
[Time "23:50:44"]
[TimeControl "120"]
[WhiteElo "2465"]
[BlackElo "2230"]

1. 87(10) 87(10) 2. 99 23 3. 91(22) 81(22) 4. 89 57 5. 91
12 6. 56(36) 47X 7. 69(52) 67 8. 12 73(40) 9. 91X 67 10. 56
45 11. 89 25 12. 91 23 13. 89 91 14. 56 51(44) 15. 46(59)
84(47) 16. 92(62) 79 17. 91 56 18. 89 46 19. 91 67 20. 69
56 21. 34 45 22. 56 67 23. 91 89 24. 12 56 25. 45 67 26. 89
67 27. 56 72(66) 28. 91 89 29. 68 89 30. 89 78 31. 91 89
32. 12 56 33. 23 67 34. 34 78 35. 45 89 36. 56 31 37. 91
1-0

[Event "?"]
[Site "PlayOK"]
[Date "2025.08.01"]
[Round "-"]
[White "spanchbob"]
[Black "mcts"]
[Result "0-1"]
[Time "23:54:17"]
[TimeControl "120"]
[WhiteElo "2223"]
[BlackElo "2472"]

1. 76(10) 98 2. 66 34 3. 91 13(12) 4. 91(12) 69 5. 81
26(14) 6. 46(16) 53 7. 72(20) 14 8. 93 97(16) 9. 82X 32(32)
10. 91(27) 56 11. 19 87 12. 23 61X 13. 48 94(38) 14. 23 35
15. 92 78 16. 91 48 17. 91 52(45) 18. 45 61 19. 91(40)
94(49) 20. 23 91 21. 84 36 22. 91(43) 86 23. 23 73 24. 72
12 25. 89 91 26. 91 12 27. 78 91 28. 91 89 29. 38(49) 48
30. 81 91 31. 91(53) 79 32. 45 91 33. 45 89 34. 66 35 35.
91(56) 61 36. 89 91 37. 78 91 38. 34 78 39. 89 81 40. 78 51
41. 89 34 42. 51(59) 68 43. 81 92 44. 24 82(66) 0-1

[Event "?"]
[Site "PlayOK"]
[Date "2025.08.01"]
[Round "-"]
[White "mcts"]
[Black "spanchbob"]
[Result "1-0"]
[Time "23:59:40"]
[TimeControl "120"]
[WhiteElo "2478"]
[BlackElo "2217"]

1. 43(10) 98 2. 78(20) 55(12) 3. 67(32) 13(24) 4. 67 46 5.
82 26(26) 6. 27 95(30) 7. 17(38) 83(36) 8. 12 53 9. 27 39
10. 95 15 11. 23 12 12. 73(42) 12 13. 57 58 14. 56 71(40)
15. 23 56 16. 82 12 17. 78 84 18. 23 42 19. 23 78 20. 12
97(42) 21. 12 81(44) 22. 89 89 23. 62 12 24. 89 78 25. 56
89 26. 32 1-0

[Event "?"]
[Site "PlayOK"]
[Date "2025.08.02"]
[Round "-"]
[White "mcts"]
[Black "pzd"]
[Result "1-0"]
[Time "15:21:28"]
[TimeControl "120"]
[WhiteElo "2484"]
[BlackElo "2131"]

1. 76(10) 98 2. 89(12) 77X 3. 34(24) 91(16) 4. 68(36) 57 5.
81(50) 25(32) 6. 25X 23 7. 89 91 8. 13 91(35) 9. 23 12 10.
38 89 11. 41 12 12. 81 12 13. 57 26 14. 12 91 15. 62(57)
91(41) 16. 23 72(43) 17. 12 62(45) 18. 12 82(47) 19. 34 32
20. 12 79 21. 67 81(51) 22. 56 67 23. 67 78 24. 56 89 25.
91(63) 41(55) 26. 47 79 27. 24 82(58) 28. 91 1-0

[Event "?"]
[Site "PlayOK"]
[Date "2025.08.02"]
[Round "-"]
[White "pzd"]
[Black "mcts"]
[Result "0-1"]
[Time "15:23:22"]
[TimeControl "120"]
[WhiteElo "2127"]
[BlackElo "2488"]

1. 76(10) 98 2. 66 76(2) 3. 12(22) 88(16) 4. 25(34) 92(18)
5. 59(36) 47(26) 6. 38(40) 37(28) 7. 81(56) 72X 8. 63(58)
12 9. 34 89 10. 16 61(34) 11. 34 26 12. 89 23 13. 59 47 14.
68 89 15. 45 12 16. 12 52 17. 12 45 18. 34 81 19. 91(60) 36
20. 72(64) 34 21. 68 73 22. 13 78 23. 58 63 24. 37 83(45)
25. 86(66) 12 26. 93(68) 12 27. 71(70) 59 28. 13 78 29. 56
81(48) 30. 48 25 31. 56 23 32. 91 56 33. 56 34 34. 63(72)
12 35. 91(74) 67 36. 45 78 37. 34 78 38. 56 67 39. 45 56
40. 56 81 41. 12 41 42. 12 89 43. 91 89 44. 68 45 45.
71(76) 56 46. 84 12 0-1

[Event "?"]
[Site "PlayOK"]
[Date "2025.08.02"]
[Round "-"]
[White "mcts"]
[Black "pzd"]
[Result "1-0"]
[Time "15:27:03"]
[TimeControl "120"]
[WhiteElo "2492"]
[BlackElo "2123"]

1. 76(10) 98 2. 78 55 3. 56(12) 23(12) 4. 78 89(24) 5.
68(14) 47(28) 6. 15(20) 94 7. 49(22) 15(34) 8. 29(24) 31 9.
23 49 10. 71(28) 27 11. 31 12 12. 63X 65(38) 13. 23 92(40)
14. 35 12 15. 56 25 16. 16 85(42) 17. 12 91(44) 18. 35 46
19. 68 89 20. 56 45 21. 34 78 22. 46(38) 1-0

[Event "?"]
[Site "PlayOK"]
[Date "2025.08.02"]
[Round "-"]
[White "pzd"]
[Black "mcts"]
[Result "0-1"]
[Time "15:30:04"]
[TimeControl "120"]
[WhiteElo "2120"]
[BlackElo "2495"]

1. 76(10) 98 2. 66 87(4) 3. 12(22) 76(8) 4. 25(34) 89 5. 78
93 6. 93 47(10) 7. 31 16(14) 8. 17 12 9. 67 46 10. 54
84(34) 11. 86 52(44) 12. 71X 98X 13. 16 28 14. 94 91(49)
15. 91 48 16. 78 67(52) 17. 12 23 18. 61 45 19. 67 78 20.
12 67 21. 91 91 22. 12 58 23. 28 56 24. 71 67 25. 91 34 26.
35(47) 87(62) 27. 12 24 28. 34 72 29. 12 93(64) 30. 55 48
0-1

[Event "?"]
[Site "PlayOK"]
[Date "2025.08.02"]
[Round "-"]
[White "mcts"]
[Black "pzd"]
[Result "1-0"]
[Time "15:33:24"]
[TimeControl "120"]
[WhiteElo "2498"]
[BlackElo "2117"]

1. 65(10) 87 2. 67 99 3. 56(20) 91(12) 4. 56 56 5. 34(32)
76(18) 6. 47(34) 56 7. 83 81X 8. 95 16(25) 9. 27(38) 29 10.
39 32 11. 94(46) 34 12. 41 96(34) 13. 56(56) 45 14. 25 78
15. 71(64) 1-0

[Event "?"]
[Site "PlayOK"]
[Date "2025.08.02"]
[Round "-"]
[White "pzd"]
[Black "mcts"]
[Result "0-1"]
[Time "15:35:55"]
[TimeControl "120"]
[WhiteElo "2114"]
[BlackElo "2501"]

1. 43(10) 87 2. 67(20) 44X 3. 12(32) 67(19) 4. 25(44) 45 5.
12 14 6. 93 94 7. 26 57 8. 91(48) 72(25) 9. 15 91(28) 10.
23 47 11. 53 62(30) 12. 35 87 13. 92 28 14. 65(54) 73(37)
15. 73(64) 81(43) 16. 92(68) 89 17. 58 16 18. 91(70) 69 19.
78 78 20. 67 67 21. 56 78 22. 67 49 23. 24 82(46) 24. 67 23
25. 89 45 26. 67 12 27. 73(74) 12 28. 23 89 29. 12 79 30.
12 89 31. 23 89 32. 23 58 33. 37 89 0-1

[Event "?"]
[Site "PlayOK"]
[Date "2025.08.02"]
[Round "-"]
[White "mcts"]
[Black "pzd"]
[Result "0-1"]
[Time "15:38:49"]
[TimeControl "120"]
[WhiteElo "2504"]
[BlackElo "2111"]

1. 65(10) 65(10) 2. 99 89(12) 3. 56 78(24) 4. 46X 35X 5.
14(28) 14(32) 6. 72 83(48) 7. 92(46) 59 8. 14 13 9. 62(49)
89 10. 91 72 11. 91(53) 89 12. 78 37 13. 83(56) 12 14. 91
12 15. 22 93(54) 16. 91 13 17. 25 81(61) 18. 23 92 19. 12
71 20. 81(60) 91(63) 21. 89 89 22. 79 27 23. 89 78 24. 78
89 25. 68 59 26. 47 89 27. 34 78 28. 89 89 29. 95(64) 12
30. 89 41 31. 78 89 32. 89 24 33. 67 45 34. 23 78 35. 12 89
36. 34 45 37. 23 57 38. 78 78 39. 78 89 40. 34 38 41. 89 23
42. 47 89 43. 23 89 44. 78 78 45. 67 45 46. 89 57 47. 78 89
48. 89 78 49. 89 89 50. 67 78 51. 34 34 52. 34 45 53. 46 34
54. 78 45 55. 67 57 56. 78 78 57. 45 89 58. 89 89 59. 89 56
60. 98 12 61. 91 23 0-1 {zero}

[Event "?"]
[Site "PlayOK"]
[Date "2025.08.02"]
[Round "-"]
[White "pzd"]
[Black "mcts"]
[Result "0-1"]
[Time "15:42:16"]
[TimeControl "120"]
[WhiteElo "2140"]
[BlackElo "2475"]

1. 98(10) 98(10) 2. 91 91 3. 66 34 4. 89 68 5. 24 57(24) 6.
37(24) 92X 7. 16(28) 49(35) 8. 83 37 9. 63(30) 18 10.
72(48) 51(40) 11. 53 34 12. 93(50) 23 13. 43 23 14. 91(56)
86 15. 39 73(46) 16. 85(60) 41 17. 15 63(50) 18. 62 12 19.
47 12 20. 45 45 21. 52(66) 56 22. 81(68) 67 23. 74 82 24.
96(70) 12 0-1

[Event "?"]
[Site "PlayOK"]
[Date "2025.08.02"]
[Round "-"]
[White "mcts"]
[Black "pzd"]
[Result "1-0"]
[Time "15:44:36"]
[TimeControl "120"]
[WhiteElo "2479"]
[BlackElo "2136"]

1. 98(10) 98(10) 2. 91 91 3. 66 67(22) 4. 45(22) 78X 5.
91(36) 91(39) 6. 35 47(44) 7. 25X 26(53) 8. 92(42) 13 9.
91(44) 92 10. 13 91(55) 11. 37 82 12. 12 79 13. 34 89 14.
42(46) 39(59) 15. 71(49) 93(62) 16. 68 89 17. 29 91 18. 13
91(66) 19. 79 89 20. 67 78 21. 46 69 22. 34 89 23. 78 78
24. 67 89 25. 23 78 26. 45 89 27. 45 89 28. 67 67 29.
51(52) 48 30. 94(55) 79 31. 67 12 32. 73(59) 97(73) 33.
91(61) 81 34. 13 91(75) 35. 67 1-0

[Event "?"]
[Site "PlayOK"]
[Date "2025.08.02"]
[Round "-"]
[White "tassai1"]
[Black "mcts"]
[Result "0-1"]
[Time "19:26:33"]
[TimeControl "300"]
[WhiteElo "1579"]
[BlackElo "2483"]

1. 76(10) 98 2. 66 34 3. 67 12(12) 4. 55(24) 48(26) 5. 46
26(30) 6. 15(28) 94(34) 7. 38(42) 91X 8. 76(50) 31 9. 25 41
10. 34 25 11. 46 34 12. 53(52) 91 13. 56 17 14. 83(54) 91
15. 61 51 16. 79 13 17. 81(56) 91 18. 78 81 19. 67 91 20.
78 47 21. 45 61 22. 56 78 23. 67 27 24. 78 82 25. 24 92(51)
26. 83(60) 68 27. 89 46 28. 78 71 29. 89 91 30. 96(64)
82(57) 31. 36 89 32. 34 52 33. 48 46 34. 23 14 35. 34 12
36. 89 35 37. 89 79 38. 93(66) 12 39. 78 89 40. 89 67 41.
78 57 42. 69 79 43. 92 89 44. 91(68) 67 45. 89 78 46. 89 89
47. 58 78 48. 89 21 49. 78 81 50. 89 67 51. 78 78 52. 67 56
53. 78 67 54. 89 89 55. 89 78 56. 56 89 0-1

[Event "?"]
[Site "PlayOK"]
[Date "2025.08.02"]
[Round "-"]
[White "mcts"]
[Black "tassai1"]
[Result "1-0"]
[Time "19:29:56"]
[TimeControl "300"]
[WhiteElo "2483"]
[BlackElo "1579"]

1. 32(10) 98 2. 78(20) 55(12) 3. 67(32) 91(24) 4. 92 57 5.
91(46) 61 6. 47(50) 92(38) 7. 91X 81(42) 8. 84 92(44) 9. 89
26 10. 71 38(46) 11. 93(58) 81(50) 12. 57 41 13. 62 62X 14.
92(65) 94 15. 91 81(58) 16. 89 91 17. 12 71 18. 12 89 19.
91 89 20. 72 93 21. 32(71) 91(63) 22. 91 51 23. 81 91(65)
24. 91 1-0

[Event "?"]
[Site "PlayOK"]
[Date "2025.08.02"]
[Round "-"]
[White "mcts"]
[Black "omarospan"]
[Result "1-0"]
[Time "19:34:06"]
[TimeControl "120"]
[WhiteElo "2483"]
[BlackElo "1793"]

1. 76(10) 98 2. 66 87(4) 3. 12(22) 76(8) 4. 78 92(22) 5.
58X 91(26) 6. 78 67 7. 93 47 8. 56 72X 9. 48 16 10. 61(32)
46 11. 45 45 12. 39 94 13. 88 45 14. 51 27 15. 16 32 16. 57
59 17. 97(47) 16 18. 41(49) 94(38) 19. 57 61 20. 92(56)
91(45) 21. 79(59) 13 22. 91(61) 23 23. 56 23 24. 78 67 25.
87(65) 12 26. 68 12 27. 31 43(48) 28. 81(69) 53 29. 94(72)
12 30. 78 61 31. 13 34 32. 35 93(54) 33. 13 67 34. 89
91(57) 35. 78 73(60) 36. 91 1-0

[Event "?"]
[Site "PlayOK"]
[Date "2025.08.02"]
[Round "-"]
[White "mcts"]
[Black "madridr"]
[Result "1-0"]
[Time "19:37:24"]
[TimeControl "120"]
[WhiteElo "2484"]
[BlackElo "1996"]

1. 65(10) 87 2. 33 76(4) 3. 89(22) 81(16) 4. 57X 67(30) 5.
24 26(34) 6. 94 49(36) 7. 25 16(38) 8. 32(34) 31 9. 54(39)
52(42) 10. 17 97 11. 92(42) 15 12. 74(44) 56 13. 48 65(48)
14. 63(52) 88(60) 15. 72 1-0

[Event "?"]
[Site "PlayOK"]
[Date "2025.08.02"]
[Round "-"]
[White "madridr"]
[Black "mcts"]
[Result "0-1"]
[Time "19:40:17"]
[TimeControl "120"]
[WhiteElo "1994"]
[BlackElo "2486"]

1. 76(10) 98 2. 66 87(4) 3. 12(22) 76(8) 4. 25(34) 78 5.
48(38) 36X 6. 94 16 7. 31 42 8. 17 73(19) 9. 56 64 10.
93(44) 52(31) 11. 74X 21(37) 12. 78 56 13. 91 17 14. 91(51)
88 15. 23 89 16. 12 23 17. 57 56 18. 36 73(42) 19. 45(54)
12 20. 79 89 21. 83 39 22. 93(58) 13 23. 91(60) 64 24. 78
71(48) 25. 25 82(50) 26. 59 28 27. 82(63) 89 28. 12 94(58)
29. 92(66) 13 30. 91(68) 91 31. 13 91(60) 32. 89 89 33. 79
89 34. 89 91 35. 92(70) 12 36. 12 79 37. 38 89 38. 26
92(64) 39. 12 68 40. 89 89 41. 89 78 42. 78 89 43. 58
92(67) 44. 12 58 45. 45 89 46. 34 78 47. 23 89 48. 92(72)
12 49. 89 23 50. 89 67 51. 78 78 52. 89 37 53. 45 89 54. 45
78 55. 34 89 56. 34 67 57. 45 78 58. 45 34 59. 78 78 60. 89
67 61. 94 12 62. 51 89 63. 91(77) 89 64. 89 78 65. 78 23
66. 89 89 67. 56 56 68. 92(79) 12 69. 91 12 0-1 {zero}

[Event "?"]
[Site "PlayOK"]
[Date "2025.08.02"]
[Round "-"]
[White "mcts"]
[Black "madridr"]
[Result "1-0"]
[Time "19:45:27"]
[TimeControl "120"]
[WhiteElo "2488"]
[BlackElo "1992"]

1. 21(10) 98 2. 78(20) 33(12) 3. 91 92(16) 4. 81 58(18) 5.
46 72 6. 17(22) 93(22) 7. 94(38) 91X 8. 91(46) 38 9. 72 78
10. 91(48) 85(42) 11. 82(66) 12 12. 47 23 13. 26 64 14.
91(68) 23 15. 23 89 16. 23 89 17. 37 58 18. 34 89 19. 48 78
20. 72 23 21. 91(70) 89 22. 45 78 23. 78 37 24. 83(72) 12
25. 89 23 26. 67 1-0

[Event "?"]
[Site "PlayOK"]
[Date "2025.08.02"]
[Round "-"]
[White "madridr"]
[Black "mcts"]
[Result "1-0"]
[Time "19:49:06"]
[TimeControl "120"]
[WhiteElo "1990"]
[BlackElo "2490"]

1. 76(10) 76(10) 2. 99 89(12) 3. 67 34(24) 4. 56X 58 5.
14(28) 14X 6. 27(36) 27(37) 7. 13 23 8. 12 39 9. 92 13 10.
61(40) 78 11. 25 34 12. 51 85(41) 13. 23 78 14. 78 48 15.
12 81 16. 12 34 17. 67 45 18. 35 24 19. 93 13 20. 91(44) 78
21. 12 78 22. 26 82(46) 23. 35 53(49) 24. 23 78 25. 79 24
26. 68 47 27. 81(49) 82(52) 28. 89 78 29. 79 95 30. 81(52)
91 31. 52(56) 81(62) 32. 89 91 33. 12 89 34. 24 78 35. 79
89 36. 23 58 37. 89 78 38. 69 89 39. 89 89 40. 89 78 41. 78
89 42. 38 46 43. 89 39 44. 89 78 45. 78 57 46. 78 89 47. 89
45 48. 89 12 49. 67 23 50. 78 89 51. 67 78 52. 56 89 53. 98
12 54. 89 57 55. 78 45 56. 89 35 57. 89 89 58. 23 78 59. 12
57 60. 23 45 61. 78 78 62. 67 45 63. 56 89 64. 67 89 65. 89
78 66. 78 89 67. 89 34 68. 78 23 69. 67 34 70. 89 57 71. 78
78 72. 56 45 73. 67 89 74. 36 23 75. 89 45 76. 78 57 77. 67
34 78. 89 78 79. 78 89 80. 89 97 81. 12 12 82. 23 45 83. 23
78 84. 89 34 85. 78 89 86. 67 57 87. 89 45 88. 78 23 89. 56
34 90. 89 45 91. 67 57 92. 56 45 93. 78 78 94. 67 78 95. 89
89 96. 78 89 97. 89 93 98. 12 91 99. 23 1-0

[Event "?"]
[Site "PlayOK"]
[Date "2025.08.02"]
[Round "-"]
[White "mcts"]
[Black "madridr"]
[Result "1-0"]
[Time "19:54:35"]
[TimeControl "120"]
[WhiteElo "2460"]
[BlackElo "2020"]

1. 76(10) 98 2. 78 55 3. 45(12) 77X 4. 58(24) 46(18) 5. 25X
25(23) 6. 15 15(26) 7. 31 73(29) 8. 14 97 9. 12 91(32) 10.
56 83 11. 95 13 12. 91(34) 27 13. 22(37) 64 14. 47 23 15.
58 43 16. 14 73 17. 26 94(39) 18. 34(41) 91(44) 19. 66(46)
83(47) 20. 12 89 21. 25 38 22. 46 79 23. 94(52) 16 24.
83(60) 1-0

[Event "?"]
[Site "PlayOK"]
[Date "2025.08.02"]
[Round "-"]
[White "madridr"]
[Black "mcts"]
[Result "0-1"]
[Time "19:58:43"]
[TimeControl "120"]
[WhiteElo "2018"]
[BlackElo "2462"]

1. 76(10) 98 2. 66 34 3. 67 91(12) 4. 91 24(24) 5. 81 14 6.
71(12) 62(38) 7. 92(16) 12 8. 89 23 9. 78 67 10. 89 52 11.
67 67 12. 56 76 13. 82(20) 31(46) 0-1

[Event "?"]
[Site "PlayOK"]
[Date "2025.08.02"]
[Round "-"]
[White "mcts"]
[Black "madridr"]
[Result "1-0"]
[Time "20:02:32"]
[TimeControl "120"]
[WhiteElo "2464"]
[BlackElo "2016"]

1. 76(10) 98 2. 66 87(4) 3. 12(22) 76(8) 4. 25(34) 78 5.
48(38) 36X 6. 94 16 7. 84 82(18) 8. 91X 97(23) 9. 18 26 10.
91 23 11. 89 63 12. 24 91 13. 89 91(28) 14. 91 89 15. 91 89
16. 78 73 17. 23 92(30) 18. 12 51(32) 19. 38 39 20. 34
93(36) 21. 12 23 22. 45(50) 23 23. 82 71(39) 24. 92(54) 83
25. 12 69 26. 34 89 27. 91 89 28. 79 78 29. 91 78 30. 58 23
31. 12 81 32. 91 97(46) 33. 82 38 34. 21 89 35. 91 78 36.
35 89 37. 23 23 38. 91 48 39. 35 23 40. 13 81(50) 41. 52 79
42. 82(67) 61 43. 92 81(53) 44. 42(71) 89 45. 45 78 46. 91
1-0

[Event "?"]
[Site "PlayOK"]
[Date "2025.08.02"]
[Round "-"]
[White "madridr"]
[Black "mcts"]
[Result "0-1"]
[Time "20:07:29"]
[TimeControl "120"]
[WhiteElo "2014"]
[BlackElo "2466"]

1. 76(10) 98 2. 66 87(4) 3. 12(22) 76(8) 4. 25(34) 78 5.
48(38) 36X 6. 94 16 7. 31 42 8. 17 73(19) 9. 56 14 10. 93
12 11. 74(42) 12 12. 78 31(25) 13. 91(44) 79 14. 42 65(30)
15. 81X 54(35) 16. 13 71(37) 17. 93 56 18. 89 69 19. 89 27
20. 92(51) 67 21. 12 46 22. 79 84 23. 12 89 24. 78 91(42)
25. 29 73(53) 26. 83(63) 81(55) 27. 23 69 28. 47 89 29. 23
89 0-1

[Event "?"]
[Site "PlayOK"]
[Date "2025.08.03"]
[Round "-"]
[White "mcts"]
[Black "however"]
[Result "1-0"]
[Time "19:32:15"]
[TimeControl "120"]
[WhiteElo "2468"]
[BlackElo "1633"]

1. 21(10) 98 2. 78(20) 33(12) 3. 67(32) 57X 4. 46(46) 78 5.
45 92 6. 93 91 7. 59(48) 49 8. 17(52) 27 9. 93(60) 52(30)
10. 91(68) 86(38) 11. 38 23 12. 14 23 13. 34 34 14. 87 34
15. 42(70) 12 16. 53(72) 12 17. 92(76) 12 18. 81(78) 63 19.
13 71(44) 20. 26 82(46) 21. 37 23 22. 91 12 23. 62(80) 1-0

[Event "?"]
[Site "PlayOK"]
[Date "2025.08.03"]
[Round "-"]
[White "mcts"]
[Black "omarospan"]
[Result "1-0"]
[Time "19:35:10"]
[TimeControl "120"]
[WhiteElo "2468"]
[BlackElo "1774"]

1. 76(10) 98 2. 99(12) 77X 3. 91(24) 91(15) 4. 45(36) 46 5.
58 45 6. 91X 25(19) 7. 82 38(22) 8. 62 74 9. 29 64 10. 17
25 11. 12 41 12. 93 71(27) 13. 32 56 14. 81 56 15. 34 24
16. 92(48) 61 17. 91 71(32) 18. 61 46 19. 45(53) 23 20. 51
45 21. 92 23 22. 34 67 23. 45 56 24. 91 45 25. 82 67 26. 91
86 27. 29 71 28. 13 81(39) 29. 81 78 30. 92 24 31. 62(64)
35(46) 32. 12 81 33. 37 89 34. 12 68 35. 91 78 36. 91 57
37. 89 78 38. 26 78 39. 23 67 40. 41 78 41. 35 83(50) 42.
91 1-0

[Event "?"]
[Site "PlayOK"]
[Date "2025.08.03"]
[Round "-"]
[White "omarospan"]
[Black "mcts"]
[Result "0-1"]
[Time "19:39:12"]
[TimeControl "120"]
[WhiteElo "1773"]
[BlackElo "2469"]

1. 76(10) 98 2. 66 87(4) 3. 12(22) 76(8) 4. 25(34) 78 5.
48(38) 36X 6. 94 16 7. 84 82(18) 8. 91X 97(23) 9. 18 26 10.
91 23 11. 78 38 12. 41 91(27) 13. 91 64(29) 14. 12 34 15.
82 23 16. 89 67 17. 78 81 18. 91 91(31) 19. 35 91(34) 20.
89 89 21. 34 89 22. 26 23 23. 89 46 24. 78 93(40) 25. 78 23
26. 24 68 27. 81 78(43) 28. 52(53) 92(49) 29. 15 91(51) 30.
23 78 31. 37 56 32. 45(56) 84(56) 33. 98(59) 31 34. 81
71(60) 35. 23 23 36. 91 89 37. 72(64) 89 38. 91 78 0-1

[Event "?"]
[Site "PlayOK"]
[Date "2025.08.03"]
[Round "-"]
[White "mcts"]
[Black "omarospan"]
[Result "1-0"]
[Time "19:42:18"]
[TimeControl "120"]
[WhiteElo "2470"]
[BlackElo "1772"]

1. 43(10) 98 2. 99(12) 44X 3. 12(24) 56 4. 91 79(8) 5. 71
93 6. 27X 16(26) 7. 91(30) 36 8. 16 91(29) 9. 53 91(31) 10.
91(33) 25 11. 79 91 12. 56 41(33) 13. 25 35 14. 68 45 15.
56 86 16. 56 45 17. 69 45 18. 12 89 19. 89 12 20. 67 12 21.
67 93 22. 56 59 23. 96(58) 91(41) 24. 81(60) 1-0

[Event "?"]
[Site "PlayOK"]
[Date "2025.08.03"]
[Round "-"]
[White "omarospan"]
[Black "mcts"]
[Result "0-1"]
[Time "19:43:58"]
[TimeControl "120"]
[WhiteElo "1771"]
[BlackElo "2471"]

1. 76(10) 98 2. 66 87(4) 3. 12(22) 76(8) 4. 25(34) 78 5.
48(38) 36X 6. 94 16 7. 84 82(18) 8. 91X 97(23) 9. 18 26 10.
91 23 11. 78 38 12. 41 91(27) 13. 82 64(29) 14. 35 91 15.
34 91(34) 16. 34 34 17. 78 75 18. 26 91(37) 19. 78 46 20.
35 55 21. 54(52) 71(44) 22. 95 87(49) 23. 26 62(52) 24.
85(58) 38 25. 89 28 26. 46(63) 95(59) 27. 93(68) 91(63) 28.
23 71 29. 39 91(66) 30. 89 24 31. 92(71) 83(68) 0-1

[Event "?"]
[Site "PlayOK"]
[Date "2025.08.03"]
[Round "-"]
[White "mcts"]
[Black "omarospan"]
[Result "1-0"]
[Time "19:46:04"]
[TimeControl "120"]
[WhiteElo "2472"]
[BlackElo "1770"]

1. 21(10) 98 2. 78(20) 33(12) 3. 67(32) 57X 4. 46(46) 78 5.
45 47 6. 51 25(20) 7. 16(50) 23 8. 85 23 9. 62(52) 17 10.
29 85(27) 11. 23 12 12. 49 23 13. 82(54) 12 14. 89 23 15.
56 72(30) 16. 69 67 17. 93(68) 12 18. 32(72) 12 19. 15 1-0

[Event "?"]
[Site "PlayOK"]
[Date "2025.08.03"]
[Round "-"]
[White "mcts"]
[Black "covington"]
[Result "1-0"]
[Time "19:48:29"]
[TimeControl "120"]
[WhiteElo "2473"]
[BlackElo "1812"]

1. 76(10) 98 2. 66 87(4) 3. 12(22) 76(8) 4. 25(34) 78 5.
48(38) 36X 6. 94 16 7. 84 82(18) 8. 91X 97(23) 9. 18 26 10.
91 23 11. 89 63 12. 24 91 13. 89 91(28) 14. 91 89 15. 91 89
16. 78 73 17. 42 51(31) 18. 23 89 19. 91 78 20. 89 67 21.
78 89 22. 38 79 23. 82 24 24. 92(51) 81(35) 25. 89 89 26.
91 67 27. 34 78 28. 91 89 29. 23 31 30. 23 89 31. 78 78 32.
89 67 33. 91 89 34. 47 78 35. 35 34 36. 12 89 37. 78 78 38.
45 47 39. 12 89 40. 45 45 41. 24 51 42. 45 89 43. 35 56 44.
12 79 45. 45 89 46. 45 61 47. 34 89 48. 45 78 49. 12 45 50.
91 34 51. 89 23 52. 24 67 53. 23 56 54. 91 45 55. 34 34 56.
34 56 57. 78 45 58. 89 78 59. 78 67 60. 91 56 61. 89 78 62.
59 84 63. 12 69 64. 78 71(41) 65. 24 56 66. 92 24 67.
82(64) 67 68. 91 46 69. 91 81 70. 78 78 71. 89 67 72. 91 56
73. 49 35 74. 91 89 75. 35 78 76. 89 67 77. 58 56 78. 12 45
79. 91 34 80. 45 89 81. 45 78 82. 23 67 83. 89 89 84. 34 78
85. 91 67 86. 89 56 87. 91 56 88. 23 45 89. 78 45 90. 89 89
91. 34 89 92. 91 78 93. 45 78 94. 58 67 95. 78 67 96. 45 56
97. 89 56 98. 34 89 99. 45 89 100. 91 78 101. 57 78 102. 89
67 103. 91 67 104. 78 89 105. 78 89 106. 89 78 107. 91 78
108. 89 1-0

[Event "?"]
[Site "PlayOK"]
[Date "2025.08.03"]
[Round "-"]
[White "mcts"]
[Black "zeromercy"]
[Result "1-0"]
[Time "19:55:11"]
[TimeControl "120"]
[WhiteElo "2474"]
[BlackElo "1777"]

1. 43(10) 87 2. 67(20) 44X 3. 12(32) 67(19) 4. 25(44) 67 5.
12 34 6. 93 71 7. 91 47 8. 38(50) 17 9. 83 12 10. 52 12 11.
27 62(25) 12. 92 21(33) 13. 91X 75 14. 37 39 15. 73(56) 23
16. 65 34 17. 82 92 18. 59 86(41) 19. 71 79 20. 95 26 21.
14 57(45) 22. 67 94 23. 13 56 24. 39 46(50) 25. 21 45 26.
92(65) 82(53) 27. 91 79 28. 13 89 29. 23 64 30. 84 1-0

[Event "?"]
[Site "PlayOK"]
[Date "2025.08.03"]
[Round "-"]
[White "zeromercy"]
[Black "mcts"]
[Result "0-1"]
[Time "19:58:34"]
[TimeControl "120"]
[WhiteElo "1776"]
[BlackElo "2475"]

1. 43(10) 54(2) 2. 99 89(4) 3. 56(22) 13(16) 4. 68X 47(30)
5. 14(28) 94 6. 93 15 7. 12 21 8. 12 32 9. 12 54(36) 10. 85
13 11. 92(36) 94(38) 12. 14 35 13. 79 76 14. 12 64X 15. 12
13 16. 81(40) 35 17. 93(42) 12 18. 91 25 19. 62(44) 43 20.
23 53(57) 21. 92 72(61) 22. 91(54) 56 23. 72(58) 61(67) 24.
83(63) 78 25. 68 23 26. 91 13 27. 91(66) 45 28. 54(68) 12
29. 79 24 30. 82(70) 67 0-1

[Event "?"]
[Site "PlayOK"]
[Date "2025.08.04"]
[Round "-"]
[White "omarospan"]
[Black "mcts"]
[Result "0-1"]
[Time "17:32:36"]
[TimeControl "120"]
[WhiteElo "1891"]
[BlackElo "2476"]

1. 76(10) 98 2. 66 12 3. 91 36(2) 4. 24 81 5. 15 94 6.
49(12) 52 7. 39(14) 21 8. 27 44 9. 23 91(8) 10. 23 23 11.
65 12 12. 71 86(10) 13. 82(20) 68X 14. 43 53(24) 15. 16 96
16. 94 72(35) 17. 54(30) 31 0-1

[Event "?"]
[Site "PlayOK"]
[Date "2025.08.04"]
[Round "-"]
[White "madridr"]
[Black "mcts"]
[Result "0-1"]
[Time "17:45:22"]
[TimeControl "120"]
[WhiteElo "2012"]
[BlackElo "2477"]

1. 76(10) 98 2. 66 87(4) 3. 12(22) 76(8) 4. 25(34) 78 5.
48(38) 36X 6. 94 16 7. 84 82(18) 8. 91X 97(23) 9. 18 26 10.
91 23 11. 78 38 12. 41 91(27) 13. 82 64(29) 14. 35 91 15.
34 91(34) 16. 34 34 17. 78 67 18. 78 46 19. 48 83(38) 20.
93 68 21. 91 67 22. 78 91 23. 13 91(40) 24. 85 26 25. 89
57(43) 26. 12 37 27. 91 48 28. 21 82(46) 29. 12 69 30. 91
92(48) 31. 53 75 32. 37 67 33. 93 26 34. 82(59) 78 35. 72
83(54) 36. 92(63) 93 37. 15 51(56) 38. 41 89 39. 26 89 40.
23 78 41. 91 89 42. 81 68 43. 52 23 44. 89 39 45. 93(70) 89
46. 91 89 47. 79 79 48. 91 89 49. 89 67 0-1

[Event "?"]
[Site "PlayOK"]
[Date "2025.08.04"]
[Round "-"]
[White "mcts"]
[Black "madridr"]
[Result "1-0"]
[Time "17:49:31"]
[TimeControl "120"]
[WhiteElo "2479"]
[BlackElo "2010"]

1. 43(10) 98 2. 99(12) 44X 3. 12(24) 56 4. 81 69(10) 5. 89
83 6. 51 16 7. 39(32) 12 8. 93 12 9. 57 59 10. 28(38) 12
11. 17 91(17) 12. 57 56 13. 56 63(21) 14. 61X 23(24) 15.
85(46) 34 16. 27 93 17. 72(52) 73(34) 18. 58 62(40) 19.
97(58) 67 20. 71 47(43) 21. 84(62) 24 22. 92(65) 45 23. 63
23 24. 23 87(46) 25. 12 96(52) 26. 92(70) 1-0

[Event "?"]
[Site "PlayOK"]
[Date "2025.08.04"]
[Round "-"]
[White "madridr"]
[Black "mcts"]
[Result "0-1"]
[Time "17:52:46"]
[TimeControl "120"]
[WhiteElo "2008"]
[BlackElo "2481"]

1. 76(10) 98 2. 66 87(4) 3. 12(22) 76(8) 4. 25(34) 78 5.
48(38) 36X 6. 94 16 7. 31 42 8. 17 73(19) 9. 56 14 10. 93
12 11. 74(42) 12 12. 78 31(25) 13. 42 25(30) 14. 21X 54(35)
15. 93 88 16. 83 73 17. 15 81(39) 18. 92 26 19. 91 89 20.
89 69(42) 21. 72(53) 57 22. 81 47 23. 12 71 24. 32 68 25.
92(58) 81(45) 26. 29 78 27. 91 89 28. 81 89 29. 91 56 30.
79 67 31. 91 78 32. 91 38 33. 89 89 34. 91 89 35. 89 78 36.
91 67 37. 78 78 38. 89 56 39. 91 89 40. 49 34 41. 45 46 42.
54(69) 89 43. 91 68 44. 34 89 45. 45 23 46. 34 78 0-1

[Event "?"]
[Site "PlayOK"]
[Date "2025.08.04"]
[Round "-"]
[White "mcts"]
[Black "madridr"]
[Result "1-0"]
[Time "17:57:50"]
[TimeControl "120"]
[WhiteElo "2483"]
[BlackElo "2006"]

1. 43(10) 98 2. 99(12) 44X 3. 12(24) 56 4. 81 69(10) 5. 89
93 6. 91(38) 91(16) 7. 71 1-0

[Event "?"]
[Site "PlayOK"]
[Date "2025.08.04"]
[Round "-"]
[White "madridr"]
[Black "mcts"]
[Result "0-1"]
[Time "17:59:15"]
[TimeControl "120"]
[WhiteElo "2004"]
[BlackElo "2485"]

1. 76(10) 98 2. 66 87(4) 3. 12(22) 76(8) 4. 25(34) 78 5.
48(38) 36X 6. 94 16 7. 84 82(18) 8. 91X 97(23) 9. 18 26 10.
91 23 11. 78 89 12. 81 51(26) 13. 41 43 14. 57 94(34) 15.
37 24 16. 94 23 17. 73 36 18. 15 77(40) 19. 37 93(43) 20.
53(52) 68(53) 21. 92(57) 85 22. 79 59 23. 91 67 24. 15 56
25. 25 41(56) 26. 44(62) 94(59) 27. 79 81(61) 28. 93 24 29.
82(66) 91 30. 91 91(63) 31. 51 89 32. 37 72 33. 12 68 34.
91 89 35. 34 78 36. 91 89 37. 89 89 38. 91 78 39. 79 67 40.
45 56 41. 45 89 42. 91 78 43. 89 56 44. 91 67 45. 89 89 46.
78 67 47. 91 36 48. 89 78 0-1

[Event "?"]
[Site "PlayOK"]
[Date "2025.08.04"]
[Round "-"]
[White "mcts"]
[Black "madridr"]
[Result "1-0"]
[Time "18:04:11"]
[TimeControl "120"]
[WhiteElo "2487"]
[BlackElo "2002"]

1. 21(10) 98 2. 67(20) 91 3. 79 91(12) 4. 45(32) 67X 5.
58(44) 91(18) 6. 84 48(21) 7. 37(50) 38(25) 8. 63(52)
81(30) 9. 27 93(35) 10. 41(60) 91(38) 11. 89 28(41) 12. 24
23 13. 46 34 14. 53(62) 23 15. 91X 91 16. 89 81(47) 17.
92(68) 91 18. 56 52 19. 35 89 20. 12 71(49) 21. 34 89 22.
91 78 23. 89 89 24. 64 65 25. 12 41 26. 12 78 27. 28 82(53)
28. 91 1-0

[Event "?"]
[Site "PlayOK"]
[Date "2025.08.06"]
[Round "-"]
[White "mcts"]
[Black "break7"]
[Result "1-0"]
[Time "17:46:02"]
[TimeControl "600"]
[WhiteElo "2489"]
[BlackElo "1907"]

1. 43(10) 98 2. 99(12) 44X 3. 12(24) 56 4. 81 69(10) 5. 89
83 6. 51 16 7. 39(32) 12 8. 57 82 9. 29(34) 76 10. 77 91
11. 12(44) 53(23) 12. 97(48) 65(30) 13. 61(56) 1-0

[Event "?"]
[Site "PlayOK"]
[Date "2025.08.06"]
[Round "-"]
[White "break7"]
[Black "mcts"]
[Result "0-1"]
[Time "17:49:28"]
[TimeControl "600"]
[WhiteElo "1906"]
[BlackElo "2490"]

1. 76(10) 98 2. 66 87(4) 3. 12(22) 76(8) 4. 25(34) 78 5.
48(38) 36X 6. 94 16 7. 84 82(18) 8. 91X 97(23) 9. 18 36 10.
89 26 11. 34 65 12. 89 53(29) 13. 44 36 14. 14 93(32) 15.
12 91(34) 16. 94 34 17. 79 56 18. 78 82 19. 12 34 20. 82 26
21. 92(48) 89 22. 89 56 23. 91 56 24. 91 34 25. 58 92(48)
26. 34 76 27. 13 64(55) 0-1

[Event "?"]
[Site "PlayOK"]
[Date "2025.08.06"]
[Round "-"]
[White "mcts"]
[Black "harymaguire"]
[Result "1-0"]
[Time "17:52:19"]
[TimeControl "600"]
[WhiteElo "2491"]
[BlackElo "1910"]

1. 43(10) 87 2. 67(20) 44X 3. 12(32) 67(19) 4. 25(44) 67 5.
12 34 6. 93 71 7. 91 83(36) 8. 59(60) 17 9. 83 12 10. 27 37
11. 16 91(41) 12. 64 28 13. 58 23 14. 81X 83 15. 24 91(44)
16. 89 62(46) 17. 94 23 18. 56 91(48) 19. 68 38 20. 38 46
21. 68 53 22. 35 83(53) 23. 81 34 24. 91 45 25. 91 89 26.
13 77(64) 27. 67 69 28. 58 1-0

[Event "?"]
[Site "PlayOK"]
[Date "2025.08.06"]
[Round "-"]
[White "harymaguire"]
[Black "mcts"]
[Result "1-0"]
[Time "17:56:05"]
[TimeControl "600"]
[WhiteElo "1909"]
[BlackElo "2492"]

1. 76(10) 76(10) 2. 99 89(12) 3. 67 34(24) 4. 56X 47 5. 81
25X 6. 91(30) 23 7. 37 53 8. 74 97 9. 18 33 10. 21 79(41)
11. 64(46) 93(49) 12. 91(54) 88(60) 13. 43(58) 91 14. 17 78
15. 12 12 16. 69 91 17. 89 21(64) 18. 92(61) 12 19. 77(64)
52 20. 12 82 21. 12 92 22. 23 24 23. 92(67) 13 24. 81(69)
91(67) 25. 89 78 26. 78 46 27. 92(72) 12 28. 89 89 29. 78
37 30. 67 89 31. 78 78 32. 67 89 33. 23 57 34. 46 56 35. 67
45 36. 36 78 37. 34 34 38. 46 45 39. 89 23 40. 89 34 41. 78
56 42. 78 45 43. 67 45 44. 67 57 45. 89 92 46. 12 89 47. 23
1-0

[Event "?"]
[Site "PlayOK"]
[Date "2025.08.06"]
[Round "-"]
[White "mcts"]
[Black "harymaguire"]
[Result "1-0"]
[Time "18:13:00"]
[TimeControl "600"]
[WhiteElo "2461"]
[BlackElo "1940"]

1. 43(10) 87 2. 67(20) 44X 3. 12(32) 67(19) 4. 25(44) 67 5.
12 34 6. 12 14 7. 93 94 8. 83 73 9. 29 41(29) 10. 93(50) 69
11. 91(56) 87(34) 12. 53 12 13. 12 71(36) 14. 25 59 15. 23
78 16. 81 45 17. 64(58) 12 18. 38 12 19. 93(62) 12 20. 82
12 21. 58 78 22. 72 12 23. 92 12 24. 23 85(42) 25. 23 69
26. 12 89 27. 91(64) 89 28. 81 78 29. 69 57 30. 78 12 31.
78 94 32. 92 12 33. 83(66) 12 34. 23 89 35. 78 78 36.
91(68) 29 37. 31(70) 23 38. 13 23 39. 12 81 40. 12 79 41.
26 89 42. 58 69 43. 83 37 44. 62(72) 12 45. 94(78) 12 46.
71(80) 1-0

[Event "?"]
[Site "PlayOK"]
[Date "2025.08.06"]
[Round "-"]
[White "mcts"]
[Black "spanchbob"]
[Result "1-0"]
[Time "18:22:19"]
[TimeControl "600"]
[WhiteElo "2463"]
[BlackElo "2211"]

1. 43(10) 87 2. 67(20) 44X 3. 12(32) 67(19) 4. 25(44) 67 5.
82 71(24) 6. 69 15 7. 51 96 8. 71(48) 91(30) 9. 56 58 10.
39 41 11. 84(50) 73(33) 12. 12 57 13. 78 92 14. 61X 28 15.
92 71(38) 16. 82(60) 33(40) 17. 92 67(45) 18. 22(64) 79 19.
23 95(53) 20. 13 91(55) 21. 91 1-0

[Event "?"]
[Site "PlayOK"]
[Date "2025.08.06"]
[Round "-"]
[White "spanchbob"]
[Black "mcts"]
[Result "0-1"]
[Time "18:29:09"]
[TimeControl "600"]
[WhiteElo "2205"]
[BlackElo "2469"]

1. 76(10) 76(10) 2. 99 89(12) 3. 67 34(24) 4. 56X 47 5. 36
14X 6. 57 12 7. 74(20) 95 8. 27(27) 91(45) 9. 85 83(52) 10.
62(48) 15 11. 12 12 12. 71 91(54) 13. 81(50) 89 14. 25
32(57) 15. 59 89 16. 34 78 17. 89 89 18. 78 23 19. 67 78
20. 89 89 21. 56 57 22. 56 23 23. 23 89 24. 89 97(64) 25.
13 12 26. 12 49 27. 24 79 28. 23 57 29. 61 36 30. 78 12 31.
38 24 32. 82(58) 89 33. 89 78 34. 78 46 35. 67 89 36. 56 78
37. 67 57 38. 89 34 39. 78 45 40. 89 56 41. 78 45 42. 67 34
43. 56 56 44. 89 12 45. 78 45 46. 91(65) 81(69) 47. 89 78
48. 89 89 49. 78 89 50. 67 23 51. 78 57 52. 89 78 53. 89 45
54. 67 34 55. 56 89 56. 23 78 0-1

[Event "?"]
[Site "PlayOK"]
[Date "2025.08.06"]
[Round "-"]
[White "mcts"]
[Black "spanchbob"]
[Result "0-1"]
[Time "18:34:09"]
[TimeControl "600"]
[WhiteElo "2475"]
[BlackElo "2199"]

1. 19 98 2. 78(10) 91X 3. 23 77 4. 23 66(19) 5. 38X 45(36)
6. 83 58(40) 7. 36 36(45) 8. 44 96(49) 9. 36 75 10. 48 57
11. 34 64 12. 74 16 13. 81(23) 93(57) 14. 24 67 15. 23 91
16. 78 12 17. 55 12 18. 78 72 19. 23 38 20. 83(27) 43(64)
21. 61(30) 91 22. 89 24 23. 79 12 24. 78 24 25. 82(33) 51
26. 23 92(70) 27. 49 72 28. 34 91 29. 89 91 30. 68 61 31.
23 12 32. 89 47 33. 78 91 34. 89 67 35. 57 71 36. 45 67 37.
78 56 38. 89 56 39. 78 67 40. 67 91 41. 67 67 42. 34 71 43.
56 91 44. 89 23 45. 34 36 46. 46 34 47. 45 46 48. 57 45 49.
79 57 50. 56 56 51. 89 69 52. 69 67 53. 67 71 54. 79 91 55.
78 91 0-1

[Event "?"]
[Site "PlayOK"]
[Date "2025.08.06"]
[Round "-"]
[White "spanchbob"]
[Black "mcts"]
[Result "0-1"]
[Time "18:40:45"]
[TimeControl "600"]
[WhiteElo "2226"]
[BlackElo "2448"]

1. 76(10) 76(10) 2. 99 89(12) 3. 67 34(24) 4. 56X 47 5. 36
14X 6. 57 12 7. 74(20) 95 8. 16 54 9. 37 14 10. 95(24) 24
11. 65(27) 92 12. 14 84 13. 12 36(37) 14. 12 14 15. 37 75
16. 12 81(41) 17. 54 35 18. 93(30) 13 19. 91(32) 94 20. 12
89 21. 76 12 22. 67 78 23. 78 91 24. 78 21(44) 25. 22
49(51) 26. 12 79 27. 79 94 28. 26 24 29. 12 91(55) 30. 61
13 31. 91(38) 83 32. 12 89 33. 32 12 34. 91 91 35. 79
91(58) 36. 51(40) 78 37. 78 89 38. 68 91 39. 12 45 40. 26
52(61) 41. 12 45 42. 78 56 43. 67 38 44. 56 56 45. 78 25
46. 92(46) 12 47. 78 56 48. 67 45 49. 78 34 50. 67 45 51.
78 34 52. 56 45 53. 67 45 54. 78 23 55. 23 89 56. 35 78 57.
56 78 58. 67 34 59. 34 81 60. 81 13 61. 93(53) 81(69) 62.
81 13 63. 91(55) 26 64. 79 95 65. 24 91(73) 66. 67 78 67.
89 34 68. 89 89 69. 78 34 70. 89 78 71. 78 89 72. 57 89 73.
67 92(75) 74. 12 23 75. 78 53 76. 89 91(77) 77. 23 49 78.
38 34 79. 23 45 80. 89 91 81. 12 89 82. 56 89 83. 23 78 84.
35 78 85. 89 45 86. 78 89 87. 34 58 88. 68 78 89. 89 93 90.
12 81 91. 23 91(82) 0-1

[Event "?"]
[Site "PlayOK"]
[Date "2025.08.06"]
[Round "-"]
[White "sirafima"]
[Black "mcts"]
[Result "0-1"]
[Time "19:20:46"]
[TimeControl "60"]
[WhiteElo "1829"]
[BlackElo "2455"]

1. 76(10) 76(10) 2. 99 89(12) 3. 67 34(24) 4. 56X 47 5. 36
14X 6. 57 26 7. 61(19) 96 8. 28(27) 55 9. 18(31) 32(36) 10.
87 78(40) 11. 97(36) 16 12. 53 94 13. 15 81(44) 14. 91 13
15. 91(39) 52 16. 12 56 17. 89 89 18. 34 12 19. 89 93(47)
20. 12 89 21. 65 25(52) 22. 21(44) 49(60) 23. 23 32(62) 24.
13 81(64) 25. 81 12 26. 68 45 27. 89 34 28. 89 45 29. 23 23
30. 92(48) 12 31. 67 34 32. 56 95(67) 33. 12 89 34. 39 71
35. 89 23 36. 71(51) 52(73) 37. 13 81(75) 38. 89 89 39. 56
79 40. 89 34 41. 78 97(78) 42. 12 34 0-1

[Event "?"]
[Site "PlayOK"]
[Date "2025.08.06"]
[Round "-"]
[White "mcts"]
[Black "sirafima"]
[Result "1-0"]
[Time "19:24:21"]
[TimeControl "60"]
[WhiteElo "2456"]
[BlackElo "1828"]

1. 19 98 2. 78(10) 22(12) 3. 91 35(24) 4. 91(22) 69 5. 82
83(38) 6. 47(38) 96(52) 7. 57 51 8. 93(42) 14 9. 81(44) 91
10. 12 12 11. 12 34 12. 68 29 13. 47 56 14. 75(46) 23 15.
93(50) 12 16. 82(54) 12 17. 91(56) 23 18. 89 91 19. 58 34
20. 89 45 21. 12 63 22. 23(58) 71X 23. 38 45 24. 62X 45 25.
95 14 26. 91(65) 93(58) 27. 73 35 28. 83(69) 84 29. 24 1-0

[Event "?"]
[Site "PlayOK"]
[Date "2025.08.06"]
[Round "-"]
[White "sirafima"]
[Black "mcts"]
[Result "0-1"]
[Time "19:27:12"]
[TimeControl "60"]
[WhiteElo "1827"]
[BlackElo "2457"]

1. 76(10) 76(10) 2. 99 89(12) 3. 67 34(24) 4. 56X 47 5. 36
14X 6. 57 72 7. 16 96 8. 29(21) 29(37) 9. 78(31) 71(41) 10.
91(37) 91 11. 64 12 12. 78 91(43) 13. 59 25 14. 78 34 15.
39 91(47) 16. 78 23 17. 68 89 18. 56 89 19. 24 78 20. 23
45(51) 21. 12 45 22. 23 92(53) 23. 12 89 24. 78 34 25. 37
91 26. 12 52(59) 27. 87(49) 93(64) 28. 71(53) 82 29. 15 58
30. 78 24 31. 82(56) 12 32. 61 91(67) 33. 89 89 34. 58 89
35. 89 48 36. 78 78 37. 67 89 38. 25 37 39. 56 78 40. 89 89
41. 78 78 42. 67 89 43. 89 57 44. 78 78 45. 89 45 46. 78 45
47. 67 57 48. 56 89 49. 67 34 50. 89 23 51. 89 78 52. 78 12
53. 78 23 54. 89 45 55. 89 34 56. 23 89 57. 35 89 58. 56 45
59. 67 57 60. 78 34 61. 89 45 62. 99 12 63. 12 34 64. 89 89
65. 78 78 66. 67 78 67. 56 89 68. 23 57 69. 23 45 70. 36 45
71. 67 89 72. 78 78 73. 67 57 74. 89 23 75. 78 34 76. 89 89
77. 89 45 78. 78 78 79. 56 23 80. 89 89 81. 67 34 82. 78 56
83. 89 56 84. 34 45 85. 97 45 86. 91(69) 78 0-1 {zero}

[Event "?"]
[Site "PlayOK"]
[Date "2025.08.06"]
[Round "-"]
[White "mcts"]
[Black "sirafima"]
[Result "1-0"]
[Time "19:31:43"]
[TimeControl "60"]
[WhiteElo "2458"]
[BlackElo "1826"]

1. 19 98 2. 78(10) 22(12) 3. 91 46(24) 4. 91(22) 58 5. 82
83(38) 6. 67 96 7. 59(24) 63 8. 72(30) 38 9. 12 91(40) 10.
61(36) 23 11. 29 67 12. 67 34 13. 23 67 14. 38 34 15. 67 91
16. 12 82(42) 17. 12 89 18. 23 49 19. 87(58) 12 20. 34 89
21. 51 51 22. 45 12 23. 77X 61X 24. 82(68) 96(50) 25. 78 13
26. 89 81 27. 89 91 28. 58 91 29. 89 47 30. 46 58 31. 78 89
32. 67 89 33. 89 68 34. 56 36 35. 78 56 36. 35 45 37. 23 34
38. 89 1-0

[Event "?"]
[Site "PlayOK"]
[Date "2025.08.06"]
[Round "-"]
[White "spanchbob"]
[Black "mcts"]
[Result "0-1"]
[Time "19:35:32"]
[TimeControl "600"]
[WhiteElo "2219"]
[BlackElo "2459"]

1. 76(10) 76(10) 2. 99 89(12) 3. 67 34(24) 4. 56X 47 5. 36
14X 6. 57 72 7. 16 96 8. 29(21) 29(37) 9. 78(31) 71(41) 10.
91(37) 91 11. 38 32 12. 78 34 13. 78 23 14. 24 89 15. 12 34
16. 65 46(46) 17. 24 79 18. 82(44) 52(53) 19. 54(50) 71(59)
20. 56 56 21. 71(57) 56 22. 95 37 23. 83(61) 25 24. 91 13
25. 91(63) 78 26. 69 57 27. 89 46 28. 78 45 29. 89 34 30.
38 78 31. 89 23 32. 89 57 33. 78 78 34. 78 78 35. 89 45 36.
89 34 37. 67 45 38. 78 57 39. 89 34 40. 56 45 41. 67 23 42.
78 34 43. 89 78 44. 67 45 45. 78 57 46. 34 56 47. 89 78 48.
99(80) 12 49. 91 78 0-1 {zero}

[Event "?"]
[Site "PlayOK"]
[Date "2025.08.06"]
[Round "-"]
[White "mcts"]
[Black "spanchbob"]
[Result "1-0"]
[Time "19:41:28"]
[TimeControl "600"]
[WhiteElo "2465"]
[BlackElo "2213"]

1. 19 98 2. 78(10) 91X 3. 34 12(16) 4. 78 91 5. 78 12 6. 34
89 7. 84 91 8. 23 91 9. 89 12 10. 34 89 11. 68 91 12.
57(24) 59 13. 41 39 14. 83(26) 14 15. 61(28) 43 16. 93(32)
26 17. 52X 95(30) 18. 61(41) 73(39) 19. 85(50) 86(42) 20.
29 48 21. 79(55) 79 22. 97(58) 13 23. 23 38 24. 35 83(45)
25. 43(62) 1-0

[Event "?"]
[Site "PlayOK"]
[Date "2025.08.06"]
[Round "-"]
[White "spanchbob"]
[Black "mcts"]
[Result "0-1"]
[Time "19:47:05"]
[TimeControl "600"]
[WhiteElo "2207"]
[BlackElo "2471"]

1. 76(10) 76(10) 2. 99 89(12) 3. 67 34(24) 4. 56X 47 5. 36
14X 6. 57 72 7. 16 96 8. 29(21) 29(37) 9. 78(31) 71(41) 10.
91(37) 91 11. 59 32 12. 65 12 13. 79 34 14. 38 25 15.
92(40) 12 16. 78 34 17. 78 78 18. 56 91 19. 13 81(44) 20.
25 91 21. 12 51(48) 22. 85(47) 93(55) 23. 12 91(57) 24.
61(51) 82 25. 94 71(59) 26. 28 12 27. 91 89 28. 71(53) 27
29. 23 78 30. 83 89 31. 91(56) 39 32. 59 89 33. 91 12 34.
89 24 35. 89 78 36. 78 89 37. 68 89 38. 92(59) 12 39. 89 34
40. 78 78 41. 89 23 42. 78 34 43. 67 89 44. 56 56 45. 89 47
46. 89 78 47. 78 89 48. 67 89 49. 89 57 50. 89 78 51. 78 45
52. 78 89 53. 89 78 54. 89 89 55. 67 45 56. 78 57 57. 56 34
58. 67 45 59. 35 78 60. 56 34 61. 23 45 62. 12 23 63. 23 57
64. 35 34 65. 67 12 66. 56 45 67. 78 23 68. 67 78 0-1

[Event "?"]
[Site "PlayOK"]
[Date "2025.08.06"]
[Round "-"]
[White "mcts"]
[Black "spanchbob"]
[Result "1-0"]
[Time "19:54:52"]
[TimeControl "600"]
[WhiteElo "2477"]
[BlackElo "2201"]

1. 19 98 2. 78(10) 91X 3. 34 12(16) 4. 78 91 5. 78 78(34)
6. 58X 68(37) 7. 56 91 8. 93 37(44) 9. 49(21) 73(51) 10. 78
34 11. 26 14 12. 91(24) 34 13. 45 91 14. 23 51 15. 51(27)
91 16. 45 61 17. 45 91 18. 35 67 19. 45 71 20. 34 91 21. 45
56 22. 23 67 23. 34 28 24. 92(32) 12 25. 45 56 26. 83 23
27. 91(34) 91 28. 23 67 29. 89 71 30. 79 36 31. 92(37) 12
32. 53(39) 12 33. 89 24 34. 92(41) 12 35. 78 91 36. 89 67
37. 89 23 38. 61(44) 35 39. 56 91 40. 35 57 41. 89 71 42.
79 23 43. 23 56 44. 89 49 45. 23 62 46. 89 1-0

[Event "?"]
[Site "PlayOK"]
[Date "2025.08.06"]
[Round "-"]
[White "mcts"]
[Black "spanchbob"]
[Result "1-0"]
[Time "20:40:43"]
[TimeControl "600"]
[WhiteElo "2482"]
[BlackElo "2209"]

1. 54(10) 98 2. 44 54(2) 3. 91 35(6) 4. 68 25 5. 25(16) 15X
6. 38(32) 12 7. 23 12 8. 23 95 9. 23 91 10. 18 39 11. 94 12
12. 74 46 13. 61X 22(17) 14. 67 83 15. 32(38) 52(20) 16. 16
45 17. 12 56 18. 88 23 19. 72 81(24) 20. 68 89 21. 78 45
22. 67 45 23. 78 23 24. 78 98(33) 25. 47(65) 63(41) 26. 27
92(44) 27. 14 91(46) 28. 47 89 29. 97 24 30. 72(70) 52(49)
31. 34 71(51) 32. 81 81 33. 61 34 34. 93(75) 94(55) 35. 13
91(57) 36. 24 1-0

[Event "?"]
[Site "PlayOK"]
[Date "2025.08.06"]
[Round "-"]
[White "mcts"]
[Black "spanchbob"]
[Result "1-0"]
[Time "21:21:42"]
[TimeControl "600"]
[WhiteElo "2488"]
[BlackElo "2203"]

1. 19 98 2. 78(10) 91X 3. 34 12(16) 4. 78 91 5. 78 89 6. 84
91 7. 23 91 8. 89 12 9. 57 89 10. 69(12) 89 11. 96 89 12.
48 92(24) 13. 81(18) 31 14. 93(20) 91 15. 37 43 16. 91(24)
34 17. 81 45 18. 91(26) 91 19. 34 23 20. 52X 82(34) 21. 81
1-0

[Event "?"]
[Site "PlayOK"]
[Date "2025.08.06"]
[Round "-"]
[White "spanchbob"]
[Black "mcts"]
[Result "0-1"]
[Time "21:24:24"]
[TimeControl "600"]
[WhiteElo "2198"]
[BlackElo "2493"]

1. 76(10) 76(10) 2. 99 89(12) 3. 67 34(24) 4. 56X 47 5. 36
14X 6. 57 72 7. 16 96 8. 29(21) 29(37) 9. 78(31) 71(41) 10.
91(37) 91 11. 64 12 12. 59 25 13. 12 89 14. 79 78 15. 24 34
16. 31 92 17. 93(40) 23 18. 68 78 19. 67 45 20. 25 82(48)
21. 14 92(51) 22. 12 91(53) 23. 23 45 24. 91 52(56) 25. 59
34 26. 73(45) 15 27. 38 91 28. 13 81(59) 29. 23 79 30. 56
89 31. 87 27 32. 12 13 33. 89 71 34. 61(50) 81(62) 35. 56
51 36. 23 89 37. 12 78 38. 89 49 39. 97 12 40. 71 81 41. 23
89 42. 91(55) 79 43. 89 89 44. 91 78 45. 91(57) 89 46. 89
57 47. 78 45 48. 67 78 49. 89 38 50. 91 12 51. 38 89 52. 89
57 53. 78 45 54. 78 26 55. 89 89 56. 92(63) 12 57. 89 78
58. 67 57 59. 78 45 60. 67 34 61. 56 89 62. 89 23 63. 78 78
64. 67 89 65. 56 45 66. 23 57 67. 89 45 68. 78 78 69. 67 34
70. 78 45 71. 12 78 72. 23 57 73. 35 89 74. 56 34 75. 67 78
76. 89 45 77. 89 56 0-1

[Event "?"]
[Site "PlayOK"]
[Date "2025.08.06"]
[Round "-"]
[White "mcts"]
[Black "spanchbob"]
[Result "1-0"]
[Time "21:30:10"]
[TimeControl "600"]
[WhiteElo "2498"]
[BlackElo "2193"]

1. 43(10) 98 2. 99(12) 44X 3. 12(24) 56 4. 91 81 5. 59(28)
69(11) 6. 38(32) 67 7. 85 18(16) 8. 29(36) 12 9. 51(38) 69
10. 23 67 11. 56 38 12. 37 83(20) 13. 78 53(23) 14. 61X 35
15. 11 44 16. 97 21 17. 72(46) 46 18. 58 77(32) 19. 15 23
20. 88 87 21. 22(51) 38 22. 94 34 23. 91 23 24. 89 71 25.
51 81(39) 26. 65 23 27. 81 56(42) 28. 32 36 29. 72(60) 78
30. 81 69(52) 31. 12 94 32. 26 82(56) 33. 81 91(60) 34. 89
43 35. 92(66) 91(62) 36. 23 89 37. 91 1-0

[Event "?"]
[Site "PlayOK"]
[Date "2025.08.06"]
[Round "-"]
[White "spanchbob"]
[Black "mcts"]
[Result "0-1"]
[Time "21:37:50"]
[TimeControl "600"]
[WhiteElo "2188"]
[BlackElo "2503"]

1. 76(10) 76(10) 2. 99 89(12) 3. 67 34(24) 4. 56X 47 5. 81
25X 6. 91(30) 23 7. 67 96 8. 38(38) 54 9. 76 41(48) 10.
83(51) 15 11. 34 12 12. 78 89 13. 28(54) 77(52) 14. 23 46
15. 12 94 16. 12 51 17. 62 12 18. 25 91(55) 19. 44(58) 35
20. 83(60) 24(58) 21. 23 13 22. 12 91 23. 31(63) 81(61) 24.
34 79 25. 89 57 26. 79 45 27. 89 34 28. 68 89 29. 89 78 30.
78 56 31. 89 45 32. 89 89 33. 78 45 34. 67 34 35. 78 78 36.
89 57 37. 23 23 38. 23 89 39. 34 23 40. 89 34 41. 34 45 42.
47 45 43. 78 34 44. 89 78 45. 67 57 46. 78 45 47. 91(70)
81(65) 48. 89 23 49. 89 89 50. 67 78 51. 23 89 52. 34 78
53. 34 57 54. 78 45 55. 78 34 56. 89 45 57. 89 57 58. 47 34
59. 67 45 60. 78 89 61. 78 78 0-1

[Event "?"]
[Site "PlayOK"]
[Date "2025.08.06"]
[Round "-"]
[White "mcts"]
[Black "spanchbob"]
[Result "1-0"]
[Time "21:42:16"]
[TimeControl "600"]
[WhiteElo "2507"]
[BlackElo "2184"]

1. 21(10) 98 2. 56(20) 44(12) 3. 79 34 4. 36(24) 79(26) 5.
34 94 6. 27 78 7. 71(28) 59(28) 8. 86 92(32) 9. 42(42) 85
10. 81(46) 78 11. 23 36 12. 53(48) 1-0

[Event "?"]
[Site "PlayOK"]
[Date "2025.08.06"]
[Round "-"]
[White "spanchbob"]
[Black "mcts"]
[Result "0-1"]
[Time "21:47:06"]
[TimeControl "600"]
[WhiteElo "2180"]
[BlackElo "2511"]

1. 76(10) 98 2. 66 34 3. 91 47(4) 4. 46 14(6) 5. 82 83 6.
89 89 7. 58 97(10) 8. 18(12) 65(14) 9. 31 92 10. 64(20) 23
11. 15 18 12. 12 36X 13. 12 79 0-1

[Event "?"]
[Site "PlayOK"]
[Date "2025.08.06"]
[Round "-"]
[White "mcts"]
[Black "spanchbob"]
[Result "1-0"]
[Time "21:57:59"]
[TimeControl "600"]
[WhiteElo "2515"]
[BlackElo "2176"]

1. 98(10) 98(10) 2. 66 67(22) 3. 45(22) 78X 4. 58 92 5.
93(36) 81(40) 6. 25(38) 16 7. 63X 49(47) 8. 38(46) 72(52)
9. 13 61(54) 10. 59 57 11. 91(50) 45 12. 91 95(57) 13. 12
89 14. 41(52) 79 15. 24 92(60) 16. 12 89 17. 91 12 18. 36
22 19. 57 78 20. 78(58) 24 21. 64 78 22. 47 78 23. 67 13
24. 92(65) 12 25. 91(67) 69 26. 12 78 27. 24 93(67) 28. 67
91(69) 29. 72(69) 12 30. 56 82 31. 12 67 32. 45 58 33. 56
89 34. 25 89 35. 23 78 36. 78 48 37. 67 89 38. 78 89 39. 56
78 40. 67 78 41. 45 89 42. 67 89 43. 78 67 44. 78 78 45. 56
89 46. 67 67 47. 78 78 48. 56 56 49. 45 67 50. 67 78 51. 56
56 52. 34 67 53. 78 45 54. 67 56 55. 45 67 56. 56 89 57. 67
89 58. 34 78 59. 78 78 60. 91 12 61. 45 89 62. 56 89 63. 67
23 64. 78 23 65. 78 92 66. 12 1-0

[Event "?"]
[Site "PlayOK"]
[Date "2025.08.06"]
[Round "-"]
[White "spanchbob"]
[Black "mcts"]
[Result "0-1"]
[Time "22:05:08"]
[TimeControl "600"]
[WhiteElo "2172"]
[BlackElo "2519"]

1. 43(10) 87 2. 67(20) 44X 3. 12(32) 67(19) 4. 25(44) 67 5.
12 34 6. 12 14 7. 93 94 8. 83 73 9. 29 41(29) 10. 93(50) 69
11. 79 87(32) 12. 53 28 13. 24 72(35) 14. 13 51(37) 15.
92(52) 69 16. 91(60) 46 17. 64(62) 23 18. 23 12 19. 56 36
20. 67 34 21. 67 79 22. 39 12 23. 92(66) 12 24. 73(68) 12
25. 67 86(42) 26. 23 69 27. 23 67 28. 57 24 29. 56 71 30.
13 81(44) 31. 23 89 32. 67 23 33. 39 78 34. 56 34 35. 87 34
36. 93(70) 12 37. 72(74) 12 38. 91(76) 89 39. 89 59 40. 68
89 41. 89 23 42. 78 78 43. 78 89 44. 67 34 45. 78 56 46. 92
23 47. 82 12 48. 89 23 49. 92(78) 12 50. 91(80) 78 51. 34
89 0-1 {zero}

[Event "?"]
[Site "PlayOK"]
[Date "2025.08.06"]
[Round "-"]
[White "mcts"]
[Black "spanchbob"]
[Result "1-0"]
[Time "22:10:47"]
[TimeControl "600"]
[WhiteElo "2523"]
[BlackElo "2168"]

1. 19 98 2. 78(10) 91X 3. 34 23(6) 4. 78 89 5. 68 89 6. 93
14 7. 57 94(23) 8. 27(26) 31 9. 23 81 10. 23 89 11. 39
93(28) 12. 46 91 13. 45 78 14. 23 89 15. 34 91 16. 45 53
17. 63X 91 18. 34 89 19. 81(38) 21 20. 98 46 21. 47 51 22.
78(48) 46 23. 34 74 24. 56 14 25. 61(52) 27 26. 94 48 27.
25 95 28. 91(56) 67 29. 85(66) 1-0

[Event "?"]
[Site "PlayOK"]
[Date "2025.08.06"]
[Round "-"]
[White "spanchbob"]
[Black "mcts"]
[Result "0-1"]
[Time "22:20:27"]
[TimeControl "60"]
[WhiteElo "2164"]
[BlackElo "2527"]

1. 76(10) 98 2. 66 34 3. 67 23(12) 4. 91 93 5. 45 79 6.
57(12) 91(28) 7. 26(18) 82 8. 47 89 9. 95(36) 18(46) 10. 24
89 11. 46 31X 12. 51(38) 56 13. 79 96(60) 14. 92(48) 69 0-1

[Event "?"]
[Site "PlayOK"]
[Date "2025.08.06"]
[Round "-"]
[White "mcts"]
[Black "spanchbob"]
[Result "1-0"]
[Time "22:22:09"]
[TimeControl "60"]
[WhiteElo "2531"]
[BlackElo "2160"]

1. 54(10) 98 2. 44 76 3. 23(22) 65(6) 4. 92 93(20) 5.
91(36) 55 6. 82 12 7. 89 92 8. 71 28(22) 9. 11 1-0

[Event "?"]
[Site "PlayOK"]
[Date "2025.08.06"]
[Round "-"]
[White "spanchbob"]
[Black "mcts"]
[Result "0-1"]
[Time "22:25:08"]
[TimeControl "60"]
[WhiteElo "2157"]
[BlackElo "2534"]

1. 76(10) 98 2. 66 87(4) 3. 12(22) 76(8) 4. 25(34) 78 5.
48(38) 36X 6. 94 16 7. 84 82(18) 8. 91X 97(23) 9. 18 26 10.
91 23 11. 78 89 12. 81 51(26) 13. 41 43 14. 57 94(34) 15.
37 24 16. 94 34 17. 83(51) 92(44) 18. 89 83(48) 19. 92(56)
91(56) 20. 23 89 21. 91 91 22. 12 77 23. 12 89 24. 24
92(59) 25. 12 78 26. 48 68(63) 27. 76(60) 23 28. 89 91(65)
29. 52 51 30. 12 78 31. 24 82(68) 32. 12 41 33. 23 23 34.
89 35 35. 93(64) 89 36. 46 89 37. 78 78 38. 38 89 39. 89 78
40. 78 89 41. 57 67 42. 91 78 43. 91 89 44. 89 57 45. 89 78
46. 91 89 47. 91 67 48. 78 78 49. 78 89 50. 89 67 51. 91 78
52. 89 56 53. 91 45 54. 12 67 55. 45 23 56. 45 89 57. 57 56
58. 34 45 0-1

[Event "?"]
[Site "PlayOK"]
[Date "2025.08.06"]
[Round "-"]
[White "mcts"]
[Black "spanchbob"]
[Result "1-0"]
[Time "22:27:43"]
[TimeControl "60"]
[WhiteElo "2537"]
[BlackElo "2154"]

1. 19 98 2. 78(10) 91X 3. 34 77 4. 79 66(19) 5. 48X 35(36)
6. 26(18) 14(41) 7. 79 93 8. 86 12 9. 31(22) 73(46) 10. 26
92(49) 11. 34 67 12. 89 51 13. 48 91 14. 23 91 15. 45 67
16. 81(26) 41 17. 93(34) 21 18. 24 14 19. 92 12 20. 91(37)
92(58) 21. 74 12 22. 83(41) 12 23. 89 74 24. 23 91 25. 78
69 26. 66(45) 21 27. 89 34 28. 55 43 29. 32 13 30. 23 25
31. 81(49) 54 32. 41 72(66) 33. 71(53) 95(71) 34. 69 23 35.
78 37 36. 83(55) 91 37. 45 23 38. 89 12 39. 36 23 40. 67 56
41. 78 61 42. 89 46 43. 56 67 44. 67 71 45. 56 56 46. 78 67
47. 67 56 48. 45 67 49. 89 67 50. 78 45 51. 89 56 52. 34 34
53. 56 45 54. 78 71 55. 23 92 56. 89 1-0

[Event "?"]
[Site "PlayOK"]
[Date "2025.08.07"]
[Round "-"]
[White "mcts"]
[Black "homme"]
[Result "1-0"]
[Time "00:19:10"]
[TimeControl "600"]
[WhiteElo "2540"]
[BlackElo "1843"]

1. 19 65 2. 99 55(12) 3. 66(4) 45 4. 91(16) 93 5. 48(30)
25(16) 6. 27(46) 1-0

[Event "?"]
[Site "PlayOK"]
[Date "2025.08.07"]
[Round "-"]
[White "homme"]
[Black "mcts"]
[Result "1-0"]
[Time "00:23:53"]
[TimeControl "600"]
[WhiteElo "1842"]
[BlackElo "2541"]

1. 76(10) 76(10) 2. 99 89(12) 3. 67 34(24) 4. 56X 47 5. 36
14X 6. 57 72 7. 16 96 8. 29(21) 29(37) 9. 78(31) 71(41) 10.
91(37) 91 11. 38 32 12. 78 78 13. 78 34 14. 65 91 15. 13
81(44) 16. 91(40) 24 17. 51 12 18. 78 34 19. 67 78 20. 78
34 21. 78 23 22. 67 91 23. 12 89 24. 26 91 25. 12 34 26. 91
12 27. 78 49 28. 12 23 29. 67 89 30. 78 78 31. 57 51(49)
32. 26 82(52) 33. 91(45) 95(57) 34. 79 45 35. 91 12 36. 69
24 37. 78 45 38. 39 23 39. 78 89 40. 78 78 41. 67 58 42. 78
45 43. 67 91 44. 13 91(60) 45. 56 89 46. 78 89 47. 67 91
48. 12 78 49. 78 36 50. 24 57 51. 35 89 52. 23 45 53. 56 34
54. 67 91 55. 12 78 56. 23 89 57. 35 56 58. 56 78 59. 34 89
60. 67 56 61. 92 1-0

[Event "?"]
[Site "PlayOK"]
[Date "2025.08.07"]
[Round "-"]
[White "mcts"]
[Black "homme"]
[Result "1-0"]
[Time "00:33:41"]
[TimeControl "600"]
[WhiteElo "2510"]
[BlackElo "1873"]

1. 19 98 2. 78(10) 91X 3. 34 12(16) 4. 78 89 5. 83 92(20)
6. 78 91 7. 89 89 8. 94 89 9. 57(24) 92(25) 10. 69(26) 78
11. 81(32) 41 12. 48(36) 29 13. 82(38) 79 14. 97(40) 23 15.
37 34 16. 89 78 17. 51(46) 1-0

[Event "?"]
[Site "PlayOK"]
[Date "2025.08.07"]
[Round "-"]
[White "mcts"]
[Black "issakhan"]
[Result "1-0"]
[Time "09:56:38"]
[TimeControl "7200"]
[WhiteElo "2511"]
[BlackElo "1200"]

1. 54(10) 54(10) 2. 99 89(12) 3. 45 92 4. 35X 14X 5. 14(18)
12 6. 92 12 7. 91(20) 91(18) 8. 72 38(35) 9. 52(42) 34 10.
36 92 11. 29(45) 13 12. 71(47) 83 13. 23 47 14. 14 91(40)
15. 57 89 16. 56 34 17. 78 34 18. 23 46 19. 23 45 20. 39 64
21. 12 24 22. 95 35 23. 84 13 24. 91(54) 48 25. 79 67 26.
89 67 27. 23 89 28. 78 92(44) 29. 12 25 30. 92(58) 12 31.
89 36 32. 56 46 33. 35 34 34. 89 23 35. 92 67 36. 91(62) 34
37. 23 89 38. 61(65) 92(48) 39. 89 89 40. 12 91(50) 41. 89
34 42. 67 91 43. 79 71 44. 89 68 45. 96(69) 91(55) 46. 23
81 47. 12 79 48. 23 92(57) 49. 12 89 50. 89 34 51. 78
42(59) 52. 91 13 53. 91(72) 34 54. 89 34 55. 78 26 56. 89
89 57. 67 78 58. 78 67 59. 67 89 60. 89 23 61. 78 89 62. 12
78 63. 89 78 64. 58 95(62) 65. 12 89 66. 39 89 67. 24 67
68. 23 78 69. 89 89 70. 35 47 71. 89 67 72. 78 78 73. 89 78
74. 34 89 75. 78 89 76. 67 1-0

[Event "?"]
[Site "PlayOK"]
[Date "2025.08.07"]
[Round "-"]
[White "spanchbob"]
[Black "mcts"]
[Result "0-1"]
[Time "14:23:51"]
[TimeControl "180"]
[WhiteElo "2151"]
[BlackElo "2511"]

1. 76(10) 98 2. 66 87(4) 3. 12(22) 76(8) 4. 25(34) 78 5.
48(38) 36X 6. 94 16 7. 84 82(18) 8. 91X 97(23) 9. 18 26 10.
91 23 11. 41 43 12. 57 74(32) 13. 37 24 14. 74 34 15. 78 55
16. 17 96 17. 86 85(44) 18. 13 34 19. 95 69(47) 20. 25(54)
44(58) 21. 34(57) 81(63) 22. 34 73 23. 45 67 24. 24 89 25.
12 89 26. 82 28 27. 92(61) 79 28. 71 67 29. 89 37 30. 89 34
31. 78 89 32. 89 46 33. 58 89 34. 78 79 35. 45 89 36. 45 68
37. 89 89 38. 57 78 0-1

[Event "?"]
[Site "PlayOK"]
[Date "2025.08.07"]
[Round "-"]
[White "mcts"]
[Black "spanchbob"]
[Result "1-0"]
[Time "14:27:05"]
[TimeControl "300"]
[WhiteElo "2515"]
[BlackElo "2147"]

1. 54(10) 98 2. 44 54(2) 3. 91 35(6) 4. 81 14(8) 5. 79
27(10) 6. 37 38 7. 34 34 8. 78 23 9. 46 34 10. 17 46 11. 59
45 12. 28 58(18) 13. 67 16 14. 97(34) 63 15. 74(40) 29 16.
81 45 17. 16 84(28) 18. 52X 1-0

[Event "?"]
[Site "PlayOK"]
[Date "2025.09.12"]
[Round "-"]
[White "mcts"]
[Black "camry75"]
[Result "1-0"]
[Time "08:37:34"]
[TimeControl "120"]
[WhiteElo "2518"]
[BlackElo "1861"]

1. 76(10) 98 2. 66 87(4) 3. 12(22) 76(8) 4. 25(34) 78 5.
48(38) 36X 6. 94 16 7. 84 82(18) 8. 91X 97(23) 9. 18 26 10.
91 23 11. 78 38 12. 41 91(27) 13. 91 89 14. 78 91 15.
83(47) 64(29) 16. 35 91(34) 17. 34 34 18. 34 23 19. 91 81
20. 91 34 21. 78 91(36) 22. 81 89 23. 91 91 24. 12 75 25.
12 53(38) 26. 29 92(41) 27. 91 89 28. 89 91 29. 13 91(43)
30. 34 89 31. 23 78 32. 41 47 33. 45 45 34. 35 45 35. 55 25
36. 94(62) 23 37. 83 92 38. 13 53(51) 39. 26 91 40. 13 82
41. 12 63 42. 12 73(56) 43. 72 24 44. 92(67) 93 45. 13
31(58) 46. 21 82(61) 47. 91 1-0

[Event "?"]
[Site "PlayOK"]
[Date "2025.09.12"]
[Round "-"]
[White "camry75"]
[Black "mcts"]
[Result "0-1"]
[Time "11:06:23"]
[TimeControl "120"]
[WhiteElo "1829"]
[BlackElo "2519"]

1. 76(10) 98 2. 66 87(4) 3. 12(22) 76(8) 4. 25(34) 78 5.
48(38) 36X 6. 94 16 7. 84 82(18) 8. 91X 97(23) 9. 18 26 10.
91 23 11. 78 38 12. 41 91(27) 13. 82 89 14. 45 91 15. 12 89
16. 91 52(31) 17. 34 92(34) 18. 13 91(36) 19. 91 56 20. 89
34 21. 91 89 22. 89 75 23. 12 89 24. 24 78 25. 91 23 26. 91
34 27. 78 67(39) 28. 38 81(42) 29. 89 89 30. 49 47 31.
54(57) 97(53) 32. 13 71(55) 33. 27 69 34. 38 92(59) 35. 12
82(61) 36. 12 58 37. 23 89 38. 94 26 39. 84 89 0-1

[Event "?"]
[Site "PlayOK"]
[Date "2025.09.12"]
[Round "-"]
[White "mcts"]
[Black "camry75"]
[Result "1-0"]
[Time "11:08:30"]
[TimeControl "120"]
[WhiteElo "2520"]
[BlackElo "1828"]

1. 76(10) 98 2. 66 87(4) 3. 12(22) 76(8) 4. 25(34) 78 5.
48(38) 36X 6. 94 16 7. 84 82(18) 8. 91X 97(23) 9. 18 26 10.
91 23 11. 78 38 12. 41 91(27) 13. 91 89 14. 45 91 15. 12
52(31) 16. 34 91 17. 13 81(34) 18. 23 89 19. 23 56 20. 91
75 21. 12 89 22. 46 78 23. 23 89 24. 23 56 25. 83 35 26. 89
23 27. 91 34 28. 78 68(38) 29. 32(51) 34 30. 91 89 31. 79
97(42) 32. 12 91(44) 33. 34 78 34. 34 89 35. 24 48 36.
92(56) 91(47) 37. 81 89 38. 23 89 39. 35 92(49) 40. 43(60)
78 41. 92(63) 91(52) 42. 89 89 43. 91 78 44. 91 68 45. 89
89 46. 91 78 47. 57(70) 81(56) 48. 45 23 49. 91 89 50. 45
68 51. 34 59 52. 23 78 53. 91 67 54. 89 78 55. 34 47 56. 91
78 57. 45 95(62) 58. 12 78 59. 71 67 60. 45 78 61. 45 56
62. 34 67 63. 45 67 64. 23 56 65. 34 45 66. 89 56 67. 34 35
68. 45 45 69. 91 34 70. 23 23 71. 34 34 72. 89 67 73. 91 56
74. 91 45 75. 78 56 76. 89 45 77. 91 56 78. 58 79 79. 45 69
80. 78 1-0

[Event "?"]
[Site "PlayOK"]
[Date "2025.09.12"]
[Round "-"]
[White "mcts"]
[Black "wmw3166g"]
[Result "1-0"]
[Time "12:35:39"]
[TimeControl "120"]
[WhiteElo "2521"]
[BlackElo "1197"]

1. 19 32 2. 99 22(12) 3. 66 58(24) 4. 34(14) 61 5. 58
15(26) 6. 94X 95 7. 62(26) 85 8. 18 33 9. 12 51(28) 10. 39
76 11. 21 62(30) 12. 51(37) 83(34) 13. 89(46) 89 14. 13 24
15. 23 79 16. 12 89 17. 23 89 18. 35 67 19. 34 78 20.
98(50) 23 21. 47 13 22. 12 31 23. 12 71 24. 58 81(36) 25.
91(54) 24 26. 75(65) 12 27. 12 98(42) 28. 12 61 29. 68(70)
26 30. 35 71(44) 31. 29 89 32. 34 12 33. 41(73) 68 34. 45
89 35. 95 39 36. 52(79) 79 37. 74 13 38. 83(84) 1-0

[Event "?"]
[Site "PlayOK"]
[Date "2025.09.12"]
[Round "-"]
[White "madridr"]
[Black "mcts"]
[Result "0-1"]
[Time "12:38:42"]
[TimeControl "300"]
[WhiteElo "1949"]
[BlackElo "2521"]

1. 76(10) 98 2. 66 87(4) 3. 12(22) 76(8) 4. 25(34) 78 5.
48(38) 36X 6. 94 16 7. 84 82(18) 8. 91X 97(23) 9. 18 26 10.
91 23 11. 78 38 12. 41 91(27) 13. 82 89 14. 45 91 15. 12 89
16. 34 34 17. 92 34 18. 89 24 19. 91 91(30) 20. 78 23 21.
89 89 22. 91 91 23. 12 34 24. 91 34 25. 89 74 26. 91 91(32)
27. 78 78 28. 89 89 29. 91 91 30. 12 89 31. 58 42(45) 32.
48 68 33. 83 24 34. 72(57) 95(53) 35. 39 36 36. 94 91(60)
37. 78 57(63) 38. 12 83 39. 12 72 40. 12 89 41. 35 93(65)
42. 82(61) 91(67) 43. 91 78 44. 91 89 45. 49 89 46. 21 68
0-1

[Event "?"]
[Site "PlayOK"]
[Date "2025.09.12"]
[Round "-"]
[White "mcts"]
[Black "madridr"]
[Result "1-0"]
[Time "12:46:07"]
[TimeControl "300"]
[WhiteElo "2522"]
[BlackElo "1948"]

1. 76(10) 76(10) 2. 99 89(12) 3. 67 34(24) 4. 56X 47 5. 36
14X 6. 57 12 7. 74(20) 95 8. 16 45 9. 85 14 10. 37 32(49)
11. 95(45) 74 12. 59 24 13. 65(48) 86(54) 14. 16 37 15.
74(59) 79 16. 67 89 17. 83 35 18. 78 34 19. 58 89 20. 78 98
21. 12 91(58) 22. 67 78 23. 67 89 24. 56 16 25. 95(64) 12
26. 71(66) 47 27. 84(69) 12 28. 89 22 29. 78 89 30. 28
92(61) 31. 12 91(63) 32. 89 1-0

[Event "?"]
[Site "PlayOK"]
[Date "2025.09.12"]
[Round "-"]
[White "madridr"]
[Black "mcts"]
[Result "1/2-1/2"]
[Time "12:52:41"]
[TimeControl "300"]
[WhiteElo "1947"]
[BlackElo "2523"]

1. 76(10) 98 2. 66 87(4) 3. 12(22) 76(8) 4. 25(34) 78 5.
48(38) 36X 6. 94 16 7. 84 82(18) 8. 91X 97(23) 9. 18 26 10.
91 23 11. 78 38 12. 41 91(27) 13. 82 64(29) 14. 35 91 15.
34 91(34) 16. 34 82 17. 12 67 18. 92 67 19. 78 77(37) 20.
28 24 21. 82(49) 91(40) 22. 91 89 23. 91 89 24. 89 92(42)
25. 12 53 26. 12 46 27. 25 79 28. 23 23 29. 38 37 30.
43(55) 81(47) 31. 92(58) 69 32. 81 46 33. 91 89 34. 71 79
35. 91 67 36. 91 89 37. 45 78 38. 89 67 39. 91 89 40.
56(68) 52(51) 41. 34 81 42. 13 71(53) 43. 81 89 44. 45 89
45. 45 56 46. 34 67 47. 45 78 48. 34 78 49. 23 67 50. 45 34
51. 34 47 52. 45 23 53. 92(72) 45 54. 79 34 55. 91 56 56.
91 45 57. 89 89 58. 91 78 59. 89 67 60. 91 78 61. 78 67 62.
52 23 63. 91 56 64. 78 56 65. 81 34 66. 91 45 67. 89 34 68.
91 45 69. 56 81 70. 12 78 71. 23 78 72. 34 67 73. 45 56 74.
56 81 75. 12 78 76. 23 67 77. 34 56 78. 45 78 79. 56 81 80.
12 67 81. 23 78 82. 34 89 83. 45 89 84. 56 67 1/2-1/2 {zero}

