[Event "?"]
[Site "PlayOK"]
[Date "2025.11.11"]
[Round "-"]
[White "avataar"]
[Black "monkeydluffi"]
[Result "1-0"]
[Time "18:21:00"]
[TimeControl "180"]
[WhiteElo "1614"]
[BlackElo "1514"]

1. 76(10) 98 2. 66 87(4) 3. 12(22) 76(8) 4. 25(34) 78 5.
48(38) 36X 6. 94 16 7. 84 82(18) 8. 91X 97(23) 9. 18 26 10.
91 23 11. 78 89 12. 81 51(26) 13. 41 43 14. 57 94(34) 15.
37 24 16. 94 23 17. 73 36 18. 15 23 19. 91 83 20. 37 93(40)
21. 13 91(42) 22. 84 35 23. 23(54) 77(48) 24. 92(59) 91(50)
25. 91 89 26. 23 78 27. 23 89 28. 89 68(53) 29. 12 89 30.
78 78 31. 91 67 32. 89 89 33. 91 89 34. 23 78 35. 23 89 36.
42 51 37. 56(66) 56 38. 45 43 39. 91 34 40. 91 89 41. 89 78
42. 89 67 43. 78 56 44. 32 24 45. 92(72) 89 46. 23 78 47.
12 89 48. 12 67 49. 45 78 50. 34 46 51. 45 67 52. 34 56 53.
45 89 54. 91 78 55. 89 67 56. 78 89 57. 91 78 58. 89 89 59.
51 89 60. 23 78 61. 34 89 62. 45 1-0

[Event "?"]
[Site "PlayOK"]
[Date "2025.11.11"]
[Round "-"]
[White "monkeydluffi"]
[Black "avataar"]
[Result "0-1"]
[Time "18:26:34"]
[TimeControl "180"]
[WhiteElo "1502"]
[BlackElo "1626"]

1. 76(10) 98 2. 66 87(4) 3. 12(22) 76(8) 4. 25(34) 78 5.
48(38) 36X 6. 94 16 7. 15 61(14) 8. 32 83(17) 9. 91X 36 10.
12 26 11. 91 34 12. 85 74(25) 13. 22 81(30) 14. 35 24 15.
72(47) 53(32) 16. 81 35 17. 93(51) 78 18. 45 81(34) 19. 91
89 20. 89 78 21. 78 89 22. 91 62 23. 24 56 24. 45 67 25. 89
89 26. 12 78 27. 91 89 28. 51 78 29. 45 67 30. 45 56 31. 34
89 32. 91 23 33. 91 89 34. 89 78 35. 78 67 36. 91 89 37. 89
78 38. 58 67 39. 45 89 40. 34 49 41. 45 71 42. 13 81(40)
43. 91 67 44. 79 78 45. 82 24 46. 92(65) 57 47. 58 89 48.
34 78 49. 45 67 50. 89 46 51. 78 89 52. 91 78 53. 89 67 54.
91 89 55. 91 78 56. 89 56 57. 78 67 58. 89 36 59. 91 89 60.
26 89 61. 57 78 0-1

[Event "?"]
[Site "PlayOK"]
[Date "2025.11.11"]
[Round "-"]
[White "avataar"]
[Black "stb08"]
[Result "0-1"]
[Time "18:33:27"]
[TimeControl "180"]
[WhiteElo "1637"]
[BlackElo "1674"]

1. 76(10) 98 2. 66 87(4) 3. 12(22) 76(8) 4. 25(34) 78 5.
48(38) 36X 6. 94 16 7. 84 82(18) 8. 91X 97(23) 9. 18 26 10.
91 23 11. 78 43 12. 35 81(30) 13. 83 74 14. 58 95 15. 37
81(37) 16. 93 26 17. 48(50) 36 18. 73(53) 69(44) 19. 52(58)
72(55) 20. 85 81(59) 21. 35 58(62) 22. 12 89 23. 91 78 24.
91 89 25. 71 78 26. 48 67 27. 34 67 28. 91 89 29. 89 78 30.
91 89 31. 89 89 32. 78 78 33. 91 56 34. 89 41 35. 91 89 36.
23 89 37. 78 78 38. 89 89 39. 58 67 40. 45 67 41. 34 78 42.
45 78 43. 91 89 44. 89 89 45. 78 56 46. 45 45 47. 34 34 48.
23 67 49. 91 78 50. 89 89 51. 91 56 52. 58 67 53. 45 78 54.
89 45 55. 78 56 56. 34 67 57. 45 23 58. 89 34 59. 12 89 60.
23 78 61. 34 45 62. 45 56 63. 58 67 64. 78 89 65. 91 92(69)
66. 91 23 67. 81 78 68. 91 67 69. 89 56 70. 91 45 71. 91 34
72. 78 56 73. 89 45 74. 91 34 75. 34 45 76. 45 89 77. 45 78
78. 58 67 79. 89 56 80. 91 78 81. 78 67 82. 89 56 83. 91 78
84. 12 92(72) 85. 12 82(74) 86. 12 91(76) 87. 23 89 88. 34
78 89. 45 67 90. 56 89 91. 56 78 0-1 {zero}

[Event "?"]
[Site "PlayOK"]
[Date "2025.11.11"]
[Round "-"]
[White "stb08"]
[Black "avataar"]
[Result "1-0"]
[Time "18:41:44"]
[TimeControl "180"]
[WhiteElo "1688"]
[BlackElo "1623"]

1. 76(10) 98 2. 66 87(4) 3. 12(22) 76(8) 4. 25(34) 78 5.
48(38) 36X 6. 94 16 7. 84 82(18) 8. 91X 97(23) 9. 49 26 10.
18 63 11. 35 92 12. 58 45 13. 94 92(37) 14. 73(56) 91(45)
15. 86 28 16. 78 62 17. 36 91(48) 18. 92(60) 85 19. 12 89
20. 34 34 21. 43(63) 23 22. 91 78(54) 23. 34 89 24. 34 78
25. 78 57(57) 26. 34 34 27. 12 89 28. 12 78 29. 91 67 30.
89 56 31. 91 67 32. 49 41 33. 54(69) 81(61) 34. 91 79 35.
89 89 36. 91 78 37. 89 67 38. 78 23 39. 28 67 40. 45 56 41.
45 34 42. 34 45 43. 23 56 44. 34 1-0

[Event "?"]
[Site "PlayOK"]
[Date "2025.11.12"]
[Round "-"]
[White "tttkkk"]
[Black "avataar"]
[Result "0-1"]
[Time "16:09:30"]
[TimeControl "120"]
[WhiteElo "1635"]
[BlackElo "1610"]

1. 76(10) 98 2. 66 87(4) 3. 12(22) 76(8) 4. 25(34) 78 5.
48(38) 36X 6. 94 16 7. 84 82(18) 8. 91X 97(23) 9. 49 26 10.
18 63 11. 35 92 12. 47 74(29) 13. 92 24 14. 82(46) 91(35)
15. 35 82 16. 12 91 17. 71 91(37) 18. 29 39 19. 93(50) 89
20. 81 89 21. 91 78 22. 78 68 23. 91 92(40) 24. 12 89 25.
89 78 26. 91 53 27. 12 92(44) 28. 12 81 29. 12 78 30. 89 89
31. 52 47 32. 47 71 33. 93 61(52) 34. 25 26 35. 72(61) 83
36. 82 78 37. 23 67 38. 92(65) 89 39. 91 78 40. 89 89 41.
91 59 42. 78 89 43. 89 78 44. 91 89 45. 59 89 46. 45 78 47.
31 67 48. 12 89 49. 45 78 50. 34 89 51. 23 67 52. 23 78 53.
91 46 54. 91 67 55. 89 78 56. 91 56 57. 89 67 58. 78 56 59.
89 67 60. 78 36 61. 58 56 62. 45 45 63. 45 45 64. 57 34 0-1

[Event "?"]
[Site "PlayOK"]
[Date "2025.11.12"]
[Round "-"]
[White "avataar"]
[Black "tttkkk"]
[Result "0-1"]
[Time "16:13:18"]
[TimeControl "120"]
[WhiteElo "1627"]
[BlackElo "1618"]

1. 76(10) 98 2. 66 87(4) 3. 12(22) 76(8) 4. 25(34) 78 5.
48(38) 36X 6. 94 16 7. 84 82(18) 8. 91X 97(23) 9. 18 26 10.
91 23 11. 78 38 12. 41 91(27) 13. 82 89 14. 45 89 15. 78 91
16. 34 34 17. 78 23 18. 92(48) 74 19. 82 78 20. 91 81(32)
21. 58 23 22. 81 23 23. 89 47 24. 79 45 25. 27 79 26. 12 96
27. 12 78 28. 25 91(39) 29. 95 23 30. 91 83 31. 12 89 32.
89 68(42) 33. 52(58) 58(46) 34. 26 31 35. 45 81(52) 36.
92(62) 47 37. 91 89 38. 73 69 39. 91 72(54) 40. 35 23 41.
81 23 42. 12 89 43. 91 59 44. 91 89 45. 89 89 46. 78 78 47.
91 89 48. 89 78 49. 91 89 50. 78 67 51. 89 78 0-1

[Event "?"]
[Site "PlayOK"]
[Date "2025.11.12"]
[Round "-"]
[White "tttkkk"]
[Black "avataar"]
[Result "1-0"]
[Time "16:17:37"]
[TimeControl "120"]
[WhiteElo "1634"]
[BlackElo "1611"]

1. 76(10) 98 2. 66 87(4) 3. 12(22) 76(8) 4. 25(34) 78 5.
48(38) 36X 6. 94 16 7. 84 72(18) 8. 91X 97(23) 9. 18 91(26)
10. 91 26 11. 41 78 12. 45 51 13. 57 86 14. 45 78 15. 82 24
16. 92(48) 78 17. 71 81(34) 18. 91 89 19. 89 65 20. 45 39
21. 91 34 22. 51 89 23. 91 78 24. 91 89 25. 89 89 26. 89 78
27. 78 67 28. 91 57 29. 89 89 30. 78 78 31. 91 89 32. 45 78
33. 12 89 34. 89 67 35. 27 78 36. 23 89 37. 78 67 38. 91 78
39. 89 89 40. 45 56 41. 58 67 42. 91 47 43. 91 79 44. 31 81
45. 92 24 46. 82(66) 78 47. 13 89 48. 91 68 49. 71 89 50.
91 78 51. 91 78 52. 12 92(47) 53. 78 23 54. 78 37 55.
83(74) 91 56. 13 82(49) 57. 37 89 58. 34 78 59. 91 68 60.
51 1-0

[Event "?"]
[Site "PlayOK"]
[Date "2025.11.18"]
[Round "-"]
[White "balapan"]
[Black "avataar"]
[Result "1-0"]
[Time "21:26:31"]
[TimeControl "60"]
[WhiteElo "1543"]
[BlackElo "1596"]

1. 43(10) 98 2. 99(12) 88(12) 3. 91(24) 91(24) 4. 68(26) 45
5. 67 12 6. 89 91(26) 7. 47 89 8. 67 79 9. 92(40) 57(44)
10. 37X 92 11. 13 91(46) 12. 91 13 13. 91(45) 89 14. 89 89
15. 89 56 16. 68 45 17. 28 63 18. 23 92(48) 19. 12 91(50)
20. 81 13 21. 71(49) 45 22. 89 89 23. 89 58 24. 68 89 25.
89 39 26. 78 89 27. 37 89 28. 34 26 29. 42(53) 69 30. 57
96(56) 31. 12 91(58) 32. 72(57) 89 33. 57 89 34. 67 58 35.
46 68 36. 67 13 37. 82(61) 47 38. 56 56 39. 34 89 40. 45 89
41. 34 68 42. 56 89 43. 45 36 44. 71 13 45. 67 56 46. 56 68
47. 89 56 48. 89 45 49. 78 56 50. 78 45 51. 89 34 52. 89 68
53. 67 89 54. 67 56 55. 78 45 56. 78 1-0

[Event "?"]
[Site "PlayOK"]
[Date "2025.11.18"]
[Round "-"]
[White "avataar"]
[Black "balapan"]
[Result "0-1"]
[Time "21:28:31"]
[TimeControl "60"]
[WhiteElo "1578"]
[BlackElo "1561"]

1. 76(10) 98 2. 66 87(4) 3. 12(22) 56(8) 4. 25(24) 77X 5.
38(28) 36(16) 6. 53 49(34) 7. 86 63(40) 8. 44 18 9. 11(30)
76 10. 23(36) 12 11. 23 68 12. 93 12 13. 83(38) 12 14. 91
12 15. 89 78 16. 12 78 17. 12 47 18. 91 12 19. 64(40) 12
20. 53(42) 78 21. 92(60) 12 22. 91(62) 67 23. 89 23 24. 49
34 25. 56 67 26. 45 78 27. 89 78 28. 69 53 29. 56 45 30. 89
67 31. 39 56 32. 89 78 33. 56 78 34. 24 67 35. 69 78 36. 56
87 37. 81(64) 56 38. 68 23 39. 46 45 40. 12 67 41. 56 34
42. 35 56 43. 68 78 44. 56 94 45. 82(66) 12 46. 68 12 47.
56 45 48. 46 89 49. 56 91 50. 34 91(59) 51. 89 89 52. 89 67
53. 69 78 54. 89 56 55. 45 34 56. 56 67 0-1

[Event "?"]
[Site "PlayOK"]
[Date "2025.11.18"]
[Round "-"]
[White "avataar"]
[Black "balapan"]
[Result "1/2-1/2"]
[Time "21:30:30"]
[TimeControl "120"]
[WhiteElo "1561"]
[BlackElo "1578"]

1. 76(10) 98 2. 66 87(4) 3. 12(22) 76(8) 4. 25(34) 78 5.
48(38) 36X 6. 94 16 7. 84 82(18) 8. 91X 97(23) 9. 49 26 10.
18 89 11. 91 91(27) 12. 91 63 13. 35 92 14. 58 53(34) 15.
15 45 16. 85(51) 32(45) 17. 34 78(48) 18. 43(54) 95 19. 15
62(53) 20. 75(57) 34 21. 78 91 22. 13 91(55) 23. 23 49 24.
95(60) 29 25. 81 88(58) 26. 54(66) 92(61) 27. 78 35 28. 92
24 29. 89 34 30. 91 23 31. 91 89 32. 89 91 33. 13 71(63)
34. 31 89 35. 23 68 36. 34 78 37. 34 89 38. 91 89 39. 41 78
40. 45 56 41. 91 67 42. 89 56 43. 91 67 44. 79 46 45. 91 45
46. 91 34 47. 89 34 48. 91 89 49. 89 78 50. 91 78 51. 78 89
52. 89 89 53. 91 67 54. 58 67 55. 89 56 56. 91 56 57. 78 78
58. 89 78 59. 91 45 60. 56 45 1/2-1/2 {zero}

[Event "?"]
[Site "PlayOK"]
[Date "2025.11.18"]
[Round "-"]
[White "balapan"]
[Black "avataar"]
[Result "1-0"]
[Time "21:33:17"]
[TimeControl "120"]
[WhiteElo "1577"]
[BlackElo "1562"]

1. 43(10) 87 2. 67(20) 44X 3. 12(32) 67(19) 4. 25(44) 67 5.
12 34 6. 82 15 7. 38(50) 12 8. 52 95 9. 82(58) 91(29) 10.
71 69 11. 78 42 12. 81(64) 76(38) 13. 29 82(41) 14. 89 38
15. 36 34 16. 13 89 17. 12 89 18. 59 95(45) 19. 12 78 20.
89 68 21. 78 89 22. 25 89 23. 68 78 24. 36 92(49) 25. 12 89
26. 23 78 27. 67 67 28. 56 89 29. 67 78 30. 56 89 31. 67 52
32. 95X 34 33. 91 13 34. 91(69) 89 35. 82(73) 12 36. 73 12
37. 89 24 38. 92(75) 12 39. 23 78 40. 89 41 41. 13 1-0

[Event "?"]
[Site "PlayOK"]
[Date "2025.11.18"]
[Round "-"]
[White "avataar"]
[Black "balapan"]
[Result "1-0"]
[Time "21:35:50"]
[TimeControl "120"]
[WhiteElo "1547"]
[BlackElo "1592"]

1. 76(10) 98 2. 66 87(4) 3. 12(22) 76(8) 4. 25(34) 78 5.
48(38) 36X 6. 94 16 7. 84 82(18) 8. 91X 97(23) 9. 18 26 10.
91 23 11. 78 38 12. 41 64(27) 13. 35 92 14. 14 91(30) 15.
58 35 16. 12 55 17. 85(48) 34 18. 93(51) 84(38) 19. 91 25
20. 71 41(43) 21. 23 79(49) 22. 83(60) 25 23. 71 23 24. 91
58 25. 23 46 26. 12 64(53) 27. 34(65) 23 28. 24 36 29. 91
79 30. 81 67 31. 78 34 32. 52 23 33. 81 34 34. 89 46 35. 45
45 36. 34 78 37. 45 67 38. 34 78 39. 45 78 40. 23 59 41. 12
67 42. 78 78 43. 34 67 44. 58 78 45. 78 78 46. 45 56 47. 23
98(61) 48. 12 67 49. 78 78 50. 45 84 51. 12 91 52. 12 89
53. 45 34 54. 78 23 55. 95 34 56. 81 47 57. 91 78 58. 51 89
59. 26 92(66) 60. 91 67 61. 78 78 62. 81 56 63. 91 91(68)
64. 91 89 65. 89 67 66. 91 78 67. 78 89 68. 89 91 69. 91
91(70) 70. 45 45 71. 45 56 72. 58 56 73. 78 67 74. 89 67
75. 91 78 76. 89 78 77. 91 1-0

[Event "?"]
[Site "PlayOK"]
[Date "2025.11.18"]
[Round "-"]
[White "balapan"]
[Black "avataar"]
[Result "1-0"]
[Time "21:39:46"]
[TimeControl "120"]
[WhiteElo "1574"]
[BlackElo "1565"]

1. 43(10) 98 2. 99(12) 44X 3. 12(24) 13 4. 91(26) 81 5.
69(30) 69(10) 6. 38(34) 59(14) 7. 15 91(17) 8. 29(36) 89 9.
23 69 10. 91 15 11. 76 77 12. 23 82(22) 13. 91(40) 31(26)
14. 63(42) 12 15. 79 21 16. 82X 45(50) 17. 94(48) 13 18.
91(51) 83 19. 14 54 20. 12 64 21. 89 36 22. 78 56 23. 67 92
24. 38(57) 76(60) 25. 92 13 26. 71(61) 35 27. 83(64) 69 28.
21(66) 92(63) 29. 15 91(66) 30. 89 46 31. 94(69) 12 32. 78
34 33. 89 89 34. 91 12 35. 91 89 36. 59 12 37. 89 1-0

[Event "?"]
[Site "PlayOK"]
[Date "2025.11.18"]
[Round "-"]
[White "avataar"]
[Black "balapan"]
[Result "1-0"]
[Time "21:42:28"]
[TimeControl "120"]
[WhiteElo "1549"]
[BlackElo "1590"]

1. 76(10) 98 2. 66 87(4) 3. 12(22) 56(8) 4. 36X 92(22) 5.
59(28) 78(38) 6. 49(31) 83X 7. 72(35) 91(47) 8. 96 18 9.
81(39) 91 10. 13 71(52) 11. 26 82(55) 12. 63 12 13. 51 25
14. 71(41) 42 15. 48 53 16. 13 45 17. 45 81(60) 18. 84 79
19. 79 89 20. 97(46) 13 21. 91(48) 89 22. 89 57 23. 69 45
24. 89 35 25. 89 99(68) 26. 51(52) 34 27. 81 27 28. 91(55)
23 29. 69 35 30. 89 49 31. 12 34 32. 45 91(70) 33. 67 89
34. 56 91 35. 67 45 36. 27 71(73) 37. 56 89 38. 67 92(75)
39. 12 78 40. 56 45 41. 89 89 42. 67 89 43. 23 54 44. 12 89
45. 46 94(80) 46. 12 78 47. 67 89 48. 56 91 49. 12 91 50.
67 56 51. 67 1-0 {zero}

[Event "?"]
[Site "PlayOK"]
[Date "2025.11.18"]
[Round "-"]
[White "balapan"]
[Black "avataar"]
[Result "1-0"]
[Time "21:45:41"]
[TimeControl "120"]
[WhiteElo "1572"]
[BlackElo "1567"]

1. 76(10) 98 2. 66 87(4) 3. 12(22) 76(8) 4. 25(34) 78 5.
48(38) 36X 6. 94 16 7. 84 82(18) 8. 91X 97(23) 9. 18 26 10.
91 23 11. 78 38 12. 41 91(27) 13. 82 89 14. 45 91 15. 12 73
16. 25 91(29) 17. 36 81(33) 18. 34 78 19. 23 34 20. 92 24
21. 89 34 22. 91 89 23. 34 53(35) 24. 12 89 25. 24 78 26.
91 66 27. 41 81(39) 28. 89 89 29. 79 48 30. 54(56) 81 31.
36 89 32. 47 72 33. 83 26 34. 96(64) 78 35. 89 51 36. 15
81(46) 37. 72 24 38. 92(68) 78 39. 59 31 40. 12 78 41. 28
82(50) 42. 91 1-0

[Event "?"]
[Site "PlayOK"]
[Date "2025.11.18"]
[Round "-"]
[White "avataar"]
[Black "balapan"]
[Result "0-1"]
[Time "21:47:54"]
[TimeControl "120"]
[WhiteElo "1551"]
[BlackElo "1588"]

1. 76(10) 98 2. 66 87(4) 3. 12(22) 56(8) 4. 36X 77X 5. 49
36(16) 6. 94 49(19) 7. 85 98(22) 8. 56 18(26) 9. 24 89(32)
10. 13 39 11. 81(38) 95 12. 47 41 13. 92(50) 79(37) 14.
54(52) 13 15. 67(55) 24 16. 83 92 17. 15 91(41) 18. 89 13
19. 39 32 20. 12 84 21. 23(59) 92(45) 22. 68 52 23. 13 79
24. 82 15 25. 97(63) 21(49) 26. 37 93(52) 27. 12 23 28. 51
13 29. 42(66) 82 30. 12 91 31. 81 13 32. 61(68) 41(57) 33.
94(71) 91 34. 91(73) 91(59) 35. 89 89 36. 56 89 37. 27 78
38. 68 89 39. 89 92(63) 40. 12 78 41. 89 89 42. 23 59 43.
56 39 44. 56 34 45. 45 45 0-1

[Event "?"]
[Site "PlayOK"]
[Date "2025.11.18"]
[Round "-"]
[White "balapan"]
[Black "avataar"]
[Result "1-0"]
[Time "21:51:27"]
[TimeControl "120"]
[WhiteElo "1602"]
[BlackElo "1537"]

1. 87(10) 87(10) 2. 99 23 3. 91(22) 81(22) 4. 89 57 5. 91
69 6. 68(26) 47(26) 7. 26(30) 13 8. 81(32) 25 9. 89 46 10.
94(34) 12 11. 68 73(42) 12. 48X 52X 13. 91(40) 68 14. 51 12
15. 81 56 16. 71(44) 27 17. 89 34 18. 95(49) 61(54) 19. 89
49 20. 91 13 21. 91(53) 67 22. 89 36 23. 78 77(57) 24. 61
12 25. 89 26 26. 92(56) 12 27. 57 57 28. 89 46 29. 78
61(59) 30. 89 34 31. 92(59) 12 32. 67 56 33. 78 45 34. 78
79 35. 67 67 36. 46 56 37. 89 23 38. 89 45 39. 67 34 40. 56
96 41. 79 57 42. 89 69 43. 68 92 44. 89 91(66) 45. 78 45
46. 89 56 47. 57 34 48. 78 45 49. 67 72 50. 89 91(69) 51.
78 67 52. 46 56 53. 89 67 54. 89 56 55. 78 67 56. 89 67 57.
67 72 58. 67 91(72) 59. 78 45 60. 78 1-0

[Event "?"]
[Site "PlayOK"]
[Date "2025.11.18"]
[Round "-"]
[White "avataar"]
[Black "balapan"]
[Result "0-1"]
[Time "21:54:50"]
[TimeControl "120"]
[WhiteElo "1524"]
[BlackElo "1615"]

1. 76(10) 98 2. 78 55 3. 56(12) 34(12) 4. 67(24) 47(16) 5.
14(26) 93 6. 27(28) 91X 7. 94 16 8. 32 29 9. 41 48 10. 88
66(35) 11. 94X 74(40) 12. 91(37) 78 13. 89 67 14. 73 78 15.
29 34(43) 16. 81(40) 97 17. 31 58 18. 81(42) 56 19. 69 68
20. 25 25 21. 96(46) 85 22. 53 94 23. 26 72(52) 24. 31(52)
25 25. 83 23 26. 61(55) 59 27. 34 56 28. 57 92 29. 78(62)
32(56) 30. 81(65) 91 31. 97 12 32. 89 89 33. 44 12 34. 89
35 35. 93(70) 12 36. 78 72 37. 23 63(61) 38. 68 93 39. 34
91 40. 23 89 41. 23 91 42. 89 89 43. 78 78 44. 91 12 45. 89
21 46. 89 23 47. 78 91 48. 89 91 49. 67 89 50. 78 91 51. 89
89 52. 56 78 53. 67 91 54. 78 59 55. 89 91 56. 56 89 57. 67
78 58. 78 89 59. 89 68 60. 45 56 61. 56 91 62. 67 91 63. 78
89 64. 89 89 65. 45 91 66. 56 91 67. 67 78 68. 78 78 69. 34
89 70. 45 89 71. 56 67 72. 67 67 73. 78 78 74. 34 78 75. 45
91 76. 56 91 77. 67 89 78. 89 89 79. 89 91 0-1

[Event "?"]
[Site "PlayOK"]
[Date "2025.11.18"]
[Round "-"]
[White "balapan"]
[Black "avataar"]
[Result "0-1"]
[Time "21:58:39"]
[TimeControl "120"]
[WhiteElo "1627"]
[BlackElo "1512"]

1. 87(10) 87(10) 2. 99 12 3. 89 81(22) 4. 66 12 5. 89
36(24) 6. 93(12) 61 7. 12 95 8. 27 52 9. 38 22 10. 42
76(32) 11. 45 62(38) 12. 97X 11(46) 13. 85 88(48) 14.
76(20) 13 15. 12 97(50) 16. 24 53 17. 23 91X 18. 67 91 19.
47 89 20. 78 33 21. 78 56 22. 45 91 23. 32 21 24. 82(25) 34
25. 23 13 26. 45 23 27. 34 91 28. 45 42 29. 55(34) 93(66)
30. 82(38) 15 31. 62(40) 84 32. 27 39 33. 73(43) 13 34.
81(45) 92(70) 35. 78 91 36. 67 89 37. 57 91 38. 89 89 39.
78 34 40. 89 41 41. 47 91 42. 78 91 43. 89 89 44. 68 91 45.
89 45 46. 78 23 47. 89 34 48. 78 45 49. 89 23 50. 89 34 51.
67 45 52. 78 65 53. 57 51 54. 45 91 55. 56 91 56. 35 89 57.
23 91 58. 67 89 59. 56 91 0-1

[Event "?"]
[Site "PlayOK"]
[Date "2025.11.18"]
[Round "-"]
[White "avataar"]
[Black "balapan"]
[Result "0-1"]
[Time "22:02:08"]
[TimeControl "120"]
[WhiteElo "1533"]
[BlackElo "1606"]

1. 76(10) 98 2. 66 87(4) 3. 12(22) 76(8) 4. 25(34) 78 5.
48(38) 36X 6. 94 16 7. 84 82(18) 8. 91X 97(23) 9. 49 26 10.
18 91(27) 11. 91 89 12. 91 91 13. 81 72 14. 78 91 15. 34 89
16. 47 52 17. 79 92(35) 18. 92 24 19. 82(49) 89 20. 34 91
21. 58 66 22. 19 72(43) 23. 82(53) 46 24. 13 23 25. 72 94
26. 24 33 27. 13 23 28. 12 34 29. 81 59 30. 33(59) 71 31.
34 23 32. 78 47 33. 44(62) 23 34. 45 35 35. 99 79 36.
82(66) 88(49) 37. 34 89 38. 54 23 39. 92 58 40. 71 23 41.
89 37 42. 89 65(52) 43. 13 47 0-1

[Event "?"]
[Site "PlayOK"]
[Date "2025.11.19"]
[Round "-"]
[White "8days"]
[Black "avataar"]
[Result "0-1"]
[Time "18:26:46"]
[TimeControl "120"]
[WhiteElo "1487"]
[BlackElo "1520"]

1. 76(10) 98 2. 66 87(4) 3. 12(22) 76(8) 4. 25(34) 78 5.
48(38) 36X 6. 94 16 7. 31 12 8. 85 43 9. 27 52(17) 10. 36
45 11. 58 76 12. 12(48) 87(33) 13. 95(52) 78 14. 25 66 15.
13 78 16. 91 67 17. 12 45 18. 31(60) 45 19. 78 56 20.
85(62) 32 21. 89 12 22. 92(66) 12 23. 53(68) 12 24. 89 24
25. 92(70) 12 26. 34 23 27. 78 78 28. 42 12 29. 89 23 30.
78 78 31. 12 68 32. 28 23 33. 45 78 34. 34 37 35. 23 78 36.
12 78 37. 45 67 38. 45 57 39. 34 78 40. 23 67 41. 45 78 42.
34 48 43. 81 12 44. 93(72) 23 45. 89 23 46. 45 34 47.
53(74) 23 48. 78 12 49. 92(76) 12 0-1

[Event "?"]
[Site "PlayOK"]
[Date "2025.11.19"]
[Round "-"]
[White "avataar"]
[Black "8days"]
[Result "1-0"]
[Time "18:31:57"]
[TimeControl "120"]
[WhiteElo "1534"]
[BlackElo "1473"]

1. 76(10) 98 2. 66 87(4) 3. 12(22) 76(8) 4. 25(34) 78 5.
48(38) 36X 6. 94 16 7. 84 82(18) 8. 91X 97(23) 9. 18 26 10.
91 23 11. 78 38 12. 41 91(27) 13. 82 89 14. 45 91 15. 12 73
16. 25 91(29) 17. 36 81(33) 18. 34 78 19. 34 91 20. 12 89
21. 51 24 22. 82(50) 54 23. 95(53) 23 24. 91 79 25. 26
82(38) 26. 35 38 27. 43(57) 95(45) 28. 72(60) 68(50) 29. 15
81(52) 30. 24 79 31. 23 89 32. 48 89 33. 45 56 34. 91 49
35. 91 23 36. 89 89 37. 91 79 38. 71 89 39. 91 69 40. 89 89
41. 91 78 42. 39 67 43. 91 56 44. 89 56 45. 91 45 46. 91 45
47. 89 34 48. 78 34 49. 51 89 50. 45 89 51. 91 78 52. 91 78
53. 89 67 54. 91 67 55. 89 56 56. 78 56 57. 91 45 58. 89 45
59. 91 89 60. 78 89 61. 89 78 62. 91 67 63. 45 56 64. 34 78
65. 45 67 66. 23 1-0

[Event "?"]
[Site "PlayOK"]
[Date "2025.11.19"]
[Round "-"]
[White "8days"]
[Black "avataar"]
[Result "0-1"]
[Time "18:36:22"]
[TimeControl "120"]
[WhiteElo "1460"]
[BlackElo "1547"]

1. 76(10) 98 2. 66 87(4) 3. 12(22) 76(8) 4. 25(34) 78 5.
48(38) 36X 6. 94 16 7. 31 42 8. 17 73(19) 9. 41(42) 45 10.
12 84(22) 11. 87 64(25) 12. 23(48) 67 13. 45 81 14. 51(52)
21 15. 97 12 16. 17 81(31) 17. 82(56) 12 18. 45 68 19. 24
23 20. 45 36 21. 45 67 22. 23 34 23. 79 23 24. 89 34 25.
93(58) 12 26. 51(60) 23 27. 89 23 28. 89 34 29. 78 77(35)
30. 23 34 31. 45 58(38) 32. 23 44(40) 33. 13 69 34. 12 56
35. 24 85 36. 78 45 37. 12 93(59) 38. 12 91(61) 39. 27 45
40. 23 89 41. 78 91 42. 47 91(65) 43. 78 89 44. 94 23 45.
91X 23 46. 82 68 47. 78 89 48. 89 58 49. 34 45 50. 89 67
51. 92(67) 56 52. 53 67 53. 45 89 54. 34 37 55. 45 34 56.
45 23 57. 58 67 0-1

[Event "?"]
[Site "PlayOK"]
[Date "2026.01.09"]
[Round "-"]
[White "avataar"]
[Black "durov"]
[Result "0-1"]
[Time "20:02:47"]
[TimeControl "180"]
[WhiteElo "1559"]
[BlackElo "1585"]

1. 76(10) 98 2. 66 87(4) 3. 12(22) 76(8) 4. 25(34) 78 5.
48(38) 36X 6. 94 16 7. 84 82(18) 8. 91X 97(23) 9. 18 26 10.
91 23 11. 78 89 12. 81 51(26) 13. 41 43 14. 57 94(34) 15.
37 24 16. 94 23 17. 73 36 18. 15 77(40) 19. 84 41 20.
92(55) 94(46) 21. 52 85(49) 22. 15 34 23. 45 91(51) 24. 31
69(57) 25. 82(60) 91(59) 26. 34 89 27. 79 34 28. 91 79 29.
25 89 30. 23 93(64) 31. 12 89 32. 91 91 33. 23 52(66) 34.
81 78 35. 91 67 36. 78 91 37. 13 91(68) 38. 89 89 39. 91 78
40. 59 47 41. 91 89 42. 89 89 43. 91 92(71) 44. 12 78 45.
78 89 46. 89 78 47. 48 89 48. 34 92(74) 49. 12 67 50. 23 78
51. 45 67 52. 91 56 53. 89 89 54. 78 78 55. 57 67 56. 45 78
57. 34 56 58. 45 67 59. 34 45 60. 45 56 0-1

[Event "?"]
[Site "PlayOK"]
[Date "2026.01.09"]
[Round "-"]
[White "durov"]
[Black "avataar"]
[Result "0-1"]
[Time "20:09:18"]
[TimeControl "180"]
[WhiteElo "1600"]
[BlackElo "1544"]

1. 65(10) 98 2. 55 76(4) 3. 12(22) 88(18) 4. 25(24) 92(20)
5. 48(26) 15 6. 89 12 7. 89 91 8. 96 49(22) 9. 17 69 10.
64(28) 82(28) 11. 91X 73(48) 12. 56(34) 28 13. 67 32 14.
72(41) 97X 15. 17 91(54) 16. 61 68 17. 86(45) 72(61) 18.
44(52) 54(64) 19. 89 36 20. 89 34 21. 12 91(66) 22. 51
86(71) 23. 12 78 24. 56 23 25. 56 91 26. 12 89 27. 38 89
28. 26 92(74) 29. 12 78 30. 89 67 31. 69 89 32. 56 78 33.
46 89 34. 34 92(77) 35. 12 67 36. 23 56 37. 89 78 38. 89 67
39. 68 56 40. 89 45 41. 56 89 42. 56 78 43. 45 67 44. 45 56
45. 34 45 46. 34 34 47. 68 89 48. 89 78 49. 56 67 50. 56 56
51. 68 45 52. 89 89 53. 45 78 54. 56 89 55. 45 67 56. 56 78
57. 68 89 58. 89 56 59. 67 0-1

[Event "?"]
[Site "PlayOK"]
[Date "2026.01.09"]
[Round "-"]
[White "avataar"]
[Black "durov"]
[Result "0-1"]
[Time "20:16:07"]
[TimeControl "180"]
[WhiteElo "1563"]
[BlackElo "1581"]

1. 76(10) 98 2. 66 87(4) 3. 12(22) 76(8) 4. 25(34) 78 5.
48(38) 36X 6. 94 16 7. 31 42 8. 17 63(19) 9. 56 14 10. 93
12 11. 74(42) 12 12. 78 31(25) 13. 42 25(30) 14. 21X 54(35)
15. 23 45 16. 37 88 17. 83(51) 62(42) 18. 15 71 19. 96(55)
25 20. 81 59 21. 23 78 22. 38 23 23. 12 78 24. 49 35 25.
53(59) 85(48) 26. 82(62) 48 27. 94(65) 89 28. 45 78 29. 34
89 30. 45 89 31. 45 34 32. 91 23 33. 89 67 34. 76(69) 58
35. 91 45 36. 24 89 37. 34 78 38. 45 89 39. 89 34 40. 23 23
41. 12 78 42. 12 67 43. 78 78 44. 58 56 45. 45 56 46. 34 67
47. 45 67 48. 34 45 49. 45 45 50. 23 56 51. 34 56 52. 23 34
53. 34 45 54. 91 34 55. 89 45 56. 58 89 57. 45 89 58. 45 78
59. 91 78 60. 89 67 61. 78 67 62. 57 56 63. 56 56 0-1

[Event "?"]
[Site "PlayOK"]
[Date "2026.01.09"]
[Round "-"]
[White "durov"]
[Black "avataar"]
[Result "1-0"]
[Time "20:23:25"]
[TimeControl "180"]
[WhiteElo "1596"]
[BlackElo "1548"]

1. 76(10) 98 2. 66 87(4) 3. 12(22) 76(8) 4. 25(34) 78 5.
48(38) 36X 6. 94 16 7. 84 82(18) 8. 91X 97(23) 9. 49 36 10.
18 26 11. 81 23 12. 89 44 13. 57 54 14. 14 67(35) 15. 28 37
16. 42 94(39) 17. 13 77 18. 34(53) 92(48) 19. 98(62) 45 20.
34 79 21. 84 28 22. 91 89 23. 72(67) 89 24. 91 78 25. 34 89
26. 14 61(50) 27. 91 78 28. 89 89 29. 53 78 30. 91 67 31.
91 51 32. 12 78 33. 34 39 34. 89 78 35. 41 78 36. 91 67 37.
91 56 38. 89 1-0

[Event "?"]
[Site "PlayOK"]
[Date "2026.01.21"]
[Round "-"]
[White "csgo44"]
[Black "avataar"]
[Result "0-1"]
[Time "16:39:30"]
[TimeControl "120"]
[WhiteElo "1413"]
[BlackElo "1534"]

1. 76(10) 98 2. 66 87(4) 3. 12(22) 76(8) 4. 25(34) 78 5.
48(38) 36X 6. 94 16 7. 84 82(18) 8. 91X 97(23) 9. 18 26 10.
91 23 11. 78 38 12. 41 91(27) 13. 82 89 14. 45 91 15. 12 73
16. 25 91(29) 17. 36 81(33) 18. 34 53(35) 19. 12 34 20. 25
92(37) 21. 12 89 22. 78 79 23. 78 23 24. 92(48) 92(39) 25.
12 89 26. 48 56 27. 78 34 28. 23 47 29. 54(55) 81 30. 87
94(47) 31. 14 25 32. 79 38 33. 45 89 34. 95 91(49) 35. 91
89 36. 89 91 37. 91 23 38. 89 91(51) 39. 91 52 40. 12 89
41. 78 64 42. 28 75(59) 43. 32 93(62) 44. 13 89 45. 82(67)
48 46. 92 91(64) 47. 25 36 48. 34 89 49. 34 89 50. 23 78
51. 41 23 52. 91 68 0-1

[Event "?"]
[Site "PlayOK"]
[Date "2026.01.21"]
[Round "-"]
[White "avataar"]
[Black "csgo44"]
[Result "1-0"]
[Time "16:45:24"]
[TimeControl "120"]
[WhiteElo "1545"]
[BlackElo "1402"]

1. 76(10) 98 2. 66 87(4) 3. 12(22) 76(8) 4. 25(34) 78 5.
48(38) 36X 6. 94 16 7. 84 82(18) 8. 91X 97(23) 9. 18 26 10.
91 23 11. 78 38 12. 41 91(27) 13. 82 89 14. 45 91 15. 12 73
16. 25 91(29) 17. 36 81(33) 18. 34 91 19. 12 53(35) 20. 25
34 21. 12 89 22. 78 79 23. 23 89 24. 34 66 25. 34 34 26. 23
56 27. 12 89 28. 81 89 29. 78 78 30. 93 47 31. 54(54) 81
32. 93 28 33. 44(58) 62 34. 45 58 35. 14 74(42) 36. 12 83
37. 12 39 38. 84(61) 1-0

[Event "?"]
[Site "PlayOK"]
[Date "2026.01.21"]
[Round "-"]
[White "avataar"]
[Black "bota1996"]
[Result "1-0"]
[Time "16:59:41"]
[TimeControl "180"]
[WhiteElo "1555"]
[BlackElo "1710"]

1. 76(10) 98 2. 66 87(4) 3. 12(22) 76(8) 4. 25(34) 78 5.
48(38) 36X 6. 94 16 7. 84 82(18) 8. 91X 97(23) 9. 18 36 10.
89 26 11. 41 23 12. 89 64(27) 13. 24 44 14. 57 54(34) 15.
15 37 16. 72 94(36) 17. 27 56 18. 82(50) 34 19. 12 91(39)
20. 45 83 21. 12 89 22. 25 56 23. 89 91 24. 12 77 25.
98(53) 49 26. 52(56) 92(45) 27. 91 34 28. 45 79 29. 91 91
30. 13 91(47) 31. 71 89 32. 91 89 33. 89 91 34. 12 65 35.
12 78 36. 91 89 37. 78 67 38. 89 56 39. 91 45 40. 45 56 41.
45 45 42. 59 89 43. 38(66) 71(52) 44. 92 24 45. 82(70)
95(56) 1-0

[Event "?"]
[Site "PlayOK"]
[Date "2026.01.21"]
[Round "-"]
[White "bota1996"]
[Black "avataar"]
[Result "1-0"]
[Time "17:05:53"]
[TimeControl "180"]
[WhiteElo "1687"]
[BlackElo "1578"]

1. 76(10) 98 2. 66 87(4) 3. 12(22) 76(8) 4. 25(34) 78 5.
48(38) 36X 6. 94 16 7. 84 82(18) 8. 91X 97(23) 9. 18 26 10.
91 23 11. 78 91(26) 12. 81 63 13. 55 23 14. 89 81 15. 36 23
16. 44 34(32) 17. 79 81(38) 18. 95(57) 95(44) 19. 12 34 20.
91 89 21. 82 24 22. 29 76 23. 91 78 24. 23 69 25. 23 81(48)
26. 91 89 27. 89 78 28. 91 89 29. 89 67 30. 78 78 31. 91 89
32. 89 41(51) 33. 32 24 34. 92(68) 89 35. 23 78 36. 34 67
37. 34 78 38. 41 1-0

[Event "?"]
[Site "PlayOK"]
[Date "2026.01.21"]
[Round "-"]
[White "avataar"]
[Black "tissot"]
[Result "1-0"]
[Time "17:09:05"]
[TimeControl "180"]
[WhiteElo "1567"]
[BlackElo "1511"]

1. 76(10) 98 2. 66 87(4) 3. 12(22) 76(8) 4. 25(34) 78 5.
48(38) 36X 6. 94 16 7. 84 82(18) 8. 91X 97(23) 9. 18 26 10.
91 23 11. 78 38 12. 41 91(27) 13. 82 89 14. 45 91 15. 12 73
16. 25 91(29) 17. 36 81(33) 18. 34 78 19. 34 23 20. 23 23
21. 23 89 22. 78 78 23. 81 89 24. 78 45 25. 49 94(37) 26.
78 66 27. 45 55 28. 83(54) 67 29. 38 71 30. 96(57) 93(41)
31. 89 24 32. 78 34 33. 45 23 34. 16 91(44) 35. 59(61)
41(48) 36. 28 86 37. 12 68 38. 24 72(52) 39. 12 81 40. 23
59 41. 12 89 42. 93 24 43. 83 39 44. 91 89 45. 71 79 46. 23
89 47. 91 68 48. 89 56 49. 39 46 50. 34 23 51. 92(69) 34
52. 42 23 53. 91 89 54. 81 89 55. 45 78 56. 52 23 57. 89 35
58. 93(76) 23 59. 91 68 60. 71 89 61. 78 1-0

[Event "?"]
[Site "PlayOK"]
[Date "2026.01.21"]
[Round "-"]
[White "avataar"]
[Black "prime2026"]
[Result "1-0"]
[Time "17:17:15"]
[TimeControl "180"]
[WhiteElo "1580"]
[BlackElo "1639"]

1. 76(10) 98 2. 66 87(4) 3. 12(22) 76(8) 4. 25(34) 78 5.
48(38) 36X 6. 94 16 7. 84 82(18) 8. 91X 97(23) 9. 18 26 10.
91 23 11. 78 89 12. 81 51(26) 13. 41 43 14. 57 94(34) 15.
37 24 16. 94 23 17. 73 36 18. 15 77(40) 19. 37 23 20. 49 59
21. 85(52) 35 22. 54 69(50) 23. 71 95 24. 82(59) 43(54) 25.
24(62) 23 26. 15 87 27. 92 92(60) 28. 13 71(62) 29. 89 67
30. 79 23 31. 89 37 32. 93(66) 23 33. 51 89 34. 91 92(65)
35. 12 79 36. 91 1-0

[Event "?"]
[Site "PlayOK"]
[Date "2026.01.21"]
[Round "-"]
[White "prime2026"]
[Black "avataar"]
[Result "0-1"]
[Time "17:19:43"]
[TimeControl "180"]
[WhiteElo "1620"]
[BlackElo "1599"]

1. 76(10) 98 2. 66 87(4) 3. 12(22) 76(8) 4. 25(34) 78 5.
48(38) 36X 6. 94 16 7. 84 82(18) 8. 91X 97(23) 9. 18 26 10.
91 23 11. 78 89 12. 81 51(26) 13. 41 43 14. 57 94(34) 15.
37 24 16. 94 34 17. 83(51) 92(44) 18. 89 83(48) 19. 92(56)
91(56) 20. 23 89 21. 34 77 22. 48 68(61) 23. 76(59) 51 24.
52(62) 81(66) 25. 45 79 26. 89 41 27. 93(65) 81(68) 28. 78
89 29. 91 78 30. 45 78 31. 34 89 32. 45 89 33. 34 67 34. 23
67 35. 89 78 36. 91 78 37. 89 89 38. 78 89 39. 91 56 40. 89
56 41. 91 67 42. 58 67 43. 45 78 44. 34 78 45. 23 89 46. 45
89 47. 34 45 48. 89 56 49. 91 67 50. 78 78 51. 89 89 52. 45
23 53. 58 34 54. 91 45 55. 89 56 56. 78 67 57. 91 78 58. 89
89 59. 91 98 60. 12 89 61. 23 78 62. 34 56 63. 23 45 64. 45
67 65. 45 56 66. 89 78 67. 78 67 68. 58 89 69. 34 23 70. 34
34 71. 45 34 72. 45 45 73. 57 89 0-1

[Event "?"]
[Site "PlayOK"]
[Date "2026.01.21"]
[Round "-"]
[White "avataar"]
[Black "winning"]
[Result "1-0"]
[Time "17:23:31"]
[TimeControl "180"]
[WhiteElo "1616"]
[BlackElo "1618"]

1. 76(10) 98 2. 66 87(4) 3. 12(22) 76(8) 4. 25(34) 78 5.
48(38) 36X 6. 94 16 7. 84 82(18) 8. 91X 97(23) 9. 18 26 10.
91 23 11. 78 89 12. 81 51(26) 13. 41 43 14. 57 94(34) 15.
37 24 16. 94 23 17. 73 36 18. 15 77(40) 19. 37 93(43) 20.
53(52) 68(53) 21. 92(57) 85 22. 79 59 23. 91 79 24. 42
81(60) 25. 34 67 26. 91 56 27. 78 78 28. 34 95 29. 25
41(63) 30. 34 81 31. 23 89 32. 82 24 33. 92(65) 78 34. 78
68 35. 91 56 36. 89 45 37. 51 34 38. 91 89 39. 89 78 40. 91
67 41. 78 56 42. 91 45 43. 89 34 44. 89 89 45. 91 89 46. 78
78 47. 89 78 48. 91 67 49. 91 67 50. 49 56 51. 45 56 52. 91
45 53. 89 45 54. 78 1-0

[Event "?"]
[Site "PlayOK"]
[Date "2026.01.30"]
[Round "-"]
[White "avataar"]
[Black "tttkkk"]
[Result "1-0"]
[Time "19:01:53"]
[TimeControl "180"]
[WhiteElo "1632"]
[BlackElo "1602"]

1. 76(10) 98 2. 66 87(4) 3. 12(22) 76(8) 4. 25(34) 78 5.
48(38) 36X 6. 94 16 7. 15 71(14) 8. 32 83(17) 9. 12 12 10.
55 12 11. 72 43 12. 94(40) 14 13. 42 64(22) 14. 23 32(25)
15. 71(44) 93 16. 16 27 17. 53(48) 46 18. 71X 45 19. 78 69
20. 39 75 21. 97(54) 57(33) 22. 14 94 23. 87 26 24. 92(59)
91(38) 25. 91 91 26. 89 88(41) 27. 21 62(44) 28. 46(64) 23
29. 13 71(47) 30. 45 38 31. 23 78 32. 71 83 33. 34 34 34.
82(69) 51(50) 35. 95(72) 1-0

[Event "?"]
[Site "PlayOK"]
[Date "2026.01.30"]
[Round "-"]
[White "tttkkk"]
[Black "avataar"]
[Result "0-1"]
[Time "19:07:21"]
[TimeControl "180"]
[WhiteElo "1587"]
[BlackElo "1647"]

1. 76(10) 98 2. 66 87(4) 3. 12(22) 76(8) 4. 25(34) 78 5.
48(38) 36X 6. 94 16 7. 84 82(18) 8. 91X 97(23) 9. 18 26 10.
91 23 11. 78 89 12. 81 51(26) 13. 41 43 14. 57 94(34) 15.
37 24 16. 94 34 17. 83(51) 92(44) 18. 89 83(48) 19. 92(56)
91(56) 20. 23 89 21. 91 77 22. 12 78 23. 34 89 24. 48
68(61) 25. 76(60) 23 26. 12 51 27. 52 81(64) 28. 89 23 29.
89 35 30. 93(64) 89 31. 45 78 32. 45 56 33. 34 89 34. 91 78
35. 78 67 36. 89 89 37. 78 78 38. 45 89 39. 58 67 40. 34 78
41. 45 89 42. 91 56 43. 89 67 44. 91 78 45. 89 89 46. 78 42
47. 12 89 48. 27 78 49. 23 89 50. 91 67 51. 89 78 52. 78 89
53. 45 56 54. 58 67 55. 34 78 56. 91 89 57. 89 45 58. 78 56
59. 91 67 60. 89 78 61. 45 89 62. 34 23 63. 89 34 64. 45 45
65. 57 56 66. 78 67 67. 91 78 68. 89 89 69. 56 91(72) 70.
92(75) 89 71. 45 78 72. 23 89 73. 34 67 74. 34 56 75. 45 78
76. 45 89 77. 58 34 0-1

[Event "?"]
[Site "PlayOK"]
[Date "2026.02.06"]
[Round "-"]
[White "irenadler"]
[Black "avataar"]
[Result "0-1"]
[Time "17:17:09"]
[TimeControl "180"]
[WhiteElo "1558"]
[BlackElo "1660"]

1. 76(10) 76(10) 2. 99 89(12) 3. 67 34(24) 4. 56X 47 5. 36
14X 6. 57 72 7. 16 96 8. 29(21) 29(37) 9. 78(31) 42 10. 38
72(42) 11. 91(38) 92 12. 23 23 13. 65 23 14. 91(40) 45 15.
79 51(51) 16. 23 92 17. 12 12 18. 52(46) 36(56) 19. 24
71(59) 20. 56 92(61) 21. 12 84 22. 39 12 23. 12 89 24. 84
12 25. 57 78 26. 73(52) 58 27. 96 81(66) 28. 81(58) 89 29.
25 78 30. 69 49 0-1

[Event "?"]
[Site "PlayOK"]
[Date "2026.02.06"]
[Round "-"]
[White "avataar"]
[Black "dmmmm"]
[Result "1-0"]
[Time "17:25:50"]
[TimeControl "180"]
[WhiteElo "1671"]
[BlackElo "1639"]

1. 76(10) 98 2. 66 87(4) 3. 12(22) 76(8) 4. 25(34) 78 5.
48(38) 36X 6. 94 94(15) 7. 91(54) 91(21) 8. 84 71(23) 9. 32
12 10. 71(56) 92 11. 53 12 12. 93(62) 12 13. 91 91(29) 14.
82 12 15. 78 12 16. 78 25(31) 17. 21 85(34) 18. 37 23 19.
91(64) 34 20. 78 71 21. 13 93 22. 83(66) 23 23. 91(68) 89
24. 49 64(38) 25. 13 89 26. 27 52(41) 27. 45 67 28. 79 71
29. 13 81(43) 30. 39 34 31. 82 46 32. 51X 57 33. 71 69 34.
97 24 35. 82(76) 1-0

[Event "?"]
[Site "PlayOK"]
[Date "2026.02.06"]
[Round "-"]
[White "dmmmm"]
[Black "avataar"]
[Result "1-0"]
[Time "17:32:32"]
[TimeControl "180"]
[WhiteElo "1624"]
[BlackElo "1686"]

1. 76(10) 98 2. 66 87(4) 3. 12(22) 76(8) 4. 25(34) 78 5.
59(38) 36X 6. 94 16 7. 31 86 8. 17 12 9. 72 12 10. 92 12
11. 45 43 12. 54(40) 74(22) 13. 14 25(24) 14. 12 45 15. 93
15 16. 91(42) 45 17. 45 24 18. 45 56 19. 25(44) 12 20.
72(48) 45 21. 91(50) 45 22. 91 35 23. 34(52) 12 24. 91(54)
23 25. 13 71(29) 26. 34 57 27. 78 78 28. 24 87(32) 29. 35
23 30. 23 89 31. 12 78 32. 34 89 33. 23 56 34. 34 69 35. 34
67 36. 23 89 37. 12 78 38. 23 78 39. 35 89 40. 23 89 41. 34
99 42. 49 23 43. 57X 92(38) 44. 71(61) 31 45. 13 81(40) 46.
35 92(42) 47. 12 89 48. 89(68) 12 49. 78 12 50. 12 62(47)
51. 96(71) 12 52. 12 52(49) 53. 12 82(51) 54. 12 92(53) 55.
12 56 56. 81 36 57. 91(74) 42(55) 58. 12 89 59. 34 69 60.
89 56 61. 91 89 62. 91(78) 29 63. 23 56 64. 78 45 65. 89 34
66. 57 23 67. 78 89 68. 47 89 69. 45 56 70. 34 45 71. 34 34
72. 78 1-0

[Event "?"]
[Site "PlayOK"]
[Date "2026.02.06"]
[Round "-"]
[White "avataar"]
[Black "grtr"]
[Result "0-1"]
[Time "17:41:41"]
[TimeControl "180"]
[WhiteElo "1667"]
[BlackElo "1522"]

1. 76(10) 98 2. 66 87(4) 3. 12(22) 76(8) 4. 25(34) 78 5.
48(38) 36X 6. 94 16 7. 84 82(18) 8. 91X 97(23) 9. 18 26 10.
91 23 11. 78 89 12. 81 51(26) 13. 41 64(29) 14. 35 23 15.
81 75 16. 26 82(33) 17. 78 56 18. 78 68 19. 14 89 20. 12 31
21. 48 56 22. 93(49) 23 23. 23 89 24. 12 79 25. 91 89 26.
38 68 27. 78 56 28. 45 45 29. 55(57) 24 30. 92(60) 82 31.
13 71(40) 32. 71 89 33. 78 69 34. 46 78 35. 57 48 36. 45 78
37. 36 67 38. 34 78 39. 57 37 40. 45 78 41. 27 34 42. 91 67
43. 91 78 44. 45 56 45. 79 67 46. 91 78 47. 58 78 48. 45 67
49. 78 46 50. 34 56 51. 23 67 52. 78 78 53. 45 78 54. 34 67
55. 57 56 56. 78 45 57. 45 78 58. 85 78 59. 91 67 0-1

[Event "?"]
[Site "PlayOK"]
[Date "2026.02.06"]
[Round "-"]
[White "grtr"]
[Black "avataar"]
[Result "1-0"]
[Time "17:51:36"]
[TimeControl "180"]
[WhiteElo "1544"]
[BlackElo "1645"]

1. 43(10) 98 2. 99(12) 44X 3. 12(24) 56 4. 81 69(10) 5. 89
83 6. 51 73 7. 39(32) 18(20) 8. 94(38) 28 9. 18 12 10. 21
33 11. 51X 63(28) 12. 79 67 13. 56 88(36) 14. 56 95(39) 15.
79 25 16. 95 36 17. 78 91(47) 18. 91 89 19. 89 91 20. 12 34
21. 64(56) 58(53) 22. 12 78 23. 12 81(56) 24. 92 26 25. 71
35 26. 91 23 27. 91 78 28. 89 45 29. 91 93 30. 12 61 31.
26(64) 81(59) 32. 91 92(61) 33. 89 91(63) 34. 61 59 35. 91
89 36. 31 1-0

[Event "?"]
[Site "PlayOK"]
[Date "2026.02.06"]
[Round "-"]
[White "avataar"]
[Black "grtr"]
[Result "1-0"]
[Time "17:59:49"]
[TimeControl "180"]
[WhiteElo "1624"]
[BlackElo "1565"]

1. 76(10) 98 2. 66 87(4) 3. 12(22) 76(8) 4. 25(34) 78 5.
48(38) 36X 6. 94 16 7. 84 82(18) 8. 91X 97(23) 9. 18 26 10.
91 23 11. 78 89 12. 81 63 13. 55 23 14. 78 74 15. 14 44 16.
28 53 17. 13 32(31) 18. 92(48) 97 19. 47 91(37) 20. 34(57)
58 21. 93 25 22. 73 39 23. 53(62) 75(42) 24. 92(67) 92(46)
25. 13 91(48) 26. 91 88 27. 89(71) 89 28. 12 66 29. 12 89
30. 26 92(53) 31. 12 1-0

[Event "?"]
[Site "PlayOK"]
[Date "2026.02.06"]
[Round "-"]
[White "grtr"]
[Black "avataar"]
[Result "1-0"]
[Time "18:06:55"]
[TimeControl "180"]
[WhiteElo "1552"]
[BlackElo "1637"]

1. 43(10) 98 2. 99(12) 44X 3. 12(24) 56 4. 81 69(10) 5. 89
83 6. 51 73 7. 39(32) 18(20) 8. 94(38) 28 9. 18 12 10. 21
33 11. 51X 63(28) 12. 79 67 13. 56 88(36) 14. 16 95(42) 15.
79 25 16. 78 23 17. 95 76 18. 29 91(48) 19. 91 89 20. 81 78
21. 91 56 22. 91 23 23. 89 81(51) 24. 23 89 25. 91 38 26.
23 94 27. 12 41 28. 33(51) 23 29. 23 91(55) 30. 68(57) 72
31. 12 89 32. 25 62(59) 33. 92 24 34. 81 78 35. 12 59 36.
12 36 37. 91 23 38. 71 95 39. 12 81 40. 52 23 41. 81 35 42.
93(66) 91(62) 43. 78 89 44. 89 78 45. 68 68 46. 91 91 47.
89 91(64) 48. 91 89 49. 78 89 50. 37 78 51. 91 89 52. 89 78
53. 78 89 54. 67 57 55. 56 67 56. 25 78 57. 91 1-0

[Event "?"]
[Site "PlayOK"]
[Date "2026.02.06"]
[Round "-"]
[White "avataar"]
[Black "grtr"]
[Result "1-0"]
[Time "18:16:34"]
[TimeControl "180"]
[WhiteElo "1617"]
[BlackElo "1572"]

1. 76(10) 98 2. 66 87(4) 3. 12(22) 76(8) 4. 25(34) 78 5.
48(38) 36X 6. 94 16 7. 84 82(18) 8. 91X 97(23) 9. 18 26 10.
91 23 11. 78 89 12. 81 63 13. 55 23 14. 78 74 15. 14 44 16.
28 53 17. 13 96 18. 25 32(30) 19. 92(48) 84 20. 49(53)
62(33) 21. 15 57 22. 12 81 23. 91 91(35) 24. 84 23 25. 79
89 26. 92(58) 74 27. 24 92(37) 28. 12 91(39) 29. 39(62)
41(43) 30. 92 24 31. 82(66) 71 32. 79 58 33. 49 78 34.
93(75) 85(56) 35. 12 89 36. 35 93(58) 37. 12 91(60) 38. 81
78 39. 91 1-0

[Event "?"]
[Site "PlayOK"]
[Date "2026.02.07"]
[Round "-"]
[White "avataar"]
[Black "style11"]
[Result "1-0"]
[Time "18:04:19"]
[TimeControl "180"]
[WhiteElo "1631"]
[BlackElo "1602"]

1. 76(10) 98 2. 66 87(4) 3. 12(22) 76(8) 4. 25(34) 78 5.
48(38) 36X 6. 94 16 7. 84 82(18) 8. 91X 97(23) 9. 18 26 10.
91 23 11. 78 38 12. 41 91(27) 13. 82 89 14. 45 91 15. 12 89
16. 34 74 17. 12 89 18. 78 93(32) 19. 78 78 20. 92 24 21.
82(49) 35 22. 58 91(38) 23. 92(53) 66 24. 21 82(42) 25. 12
92(44) 26. 82 23 27. 79 48 28. 13 81(47) 29. 78 89 30. 23
71 31. 41 89 32. 83 57 33. 96 24 34. 52(62) 61 35. 13 89
36. 45 79 37. 91 89 38. 89 78 39. 91 89 40. 71 67 41. 91 56
42. 89 89 43. 91 78 44. 31 89 45. 91 67 46. 89 78 47. 78 56
48. 45 67 49. 24 89 50. 91 78 51. 91 47 52. 89 39 53. 91 89
54. 89 78 55. 78 67 56. 91 56 57. 89 45 58. 91 89 59. 58 78
60. 45 67 61. 34 89 62. 45 78 63. 89 67 64. 78 56 65. 91 89
66. 89 78 67. 91 89 68. 45 78 69. 34 67 70. 23 56 71. 58 89
72. 12 78 73. 45 67 74. 34 45 75. 45 56 76. 23 89 77. 34 34
78. 89 45 79. 78 89 80. 91 78 81. 89 67 82. 45 56 83. 58 89
84. 91 78 85. 89 67 86. 91 78 87. 78 89 88. 89 89 89. 91
1-0

[Event "?"]
[Site "PlayOK"]
[Date "2026.02.07"]
[Round "-"]
[White "style11"]
[Black "avataar"]
[Result "1-0"]
[Time "18:11:56"]
[TimeControl "180"]
[WhiteElo "1587"]
[BlackElo "1646"]

1. 43(10) 98 2. 99(12) 44X 3. 12(24) 56 4. 91 79(8) 5. 71
93 6. 27X 16(26) 7. 91(30) 36 8. 23 24 9. 78 34 10. 78 23
11. 16 91(29) 12. 23 59 13. 67 56 14. 78 34 15. 23 91 16.
12 42(31) 17. 12 56 18. 87 12 19. 36 12 20. 89 35 21.
93(36) 12 22. 12 27 23. 78 48 24. 12 23 25. 89 45 26. 68 34
27. 34 93(37) 28. 27 51(40) 29. 89 56 30. 79 81(43) 31. 58
23 32. 71 13 33. 84(45) 81(46) 34. 97 13 35. 91(48) 26 36.
24 89 37. 56 32(49) 38. 62(51) 12 39. 89 69(55) 40. 81(55)
81(59) 41. 71 12 42. 89 91 43. 12 51 44. 89 91(62) 45. 89
56 46. 78 89 47. 69 89 48. 89 69 49. 39 47 50. 67 12 51. 71
12 52. 59 26 53. 82(60) 68 54. 25 56 55. 78 45 56. 67 67
57. 89 56 58. 89 35 59. 78 67 60. 78 56 61. 89 45 62. 89 67
63. 67 67 64. 56 56 65. 78 67 66. 89 56 67. 67 45 68. 78 34
69. 89 67 70. 56 56 71. 67 45 72. 78 67 73. 34 56 74. 23 89
75. 89 89 76. 99 45 77. 78 34 78. 67 23 79. 56 34 80. 67 56
81. 35 68 82. 56 89 83. 23 89 84. 12 56 85. 23 45 86. 35 45
87. 56 56 88. 89 68 89. 78 89 90. 67 56 91. 78 67 92. 67 67
93. 34 12 94. 92(75) 12 95. 81(77) 23 96. 78 34 97. 89 45
98. 78 56 99. 89 67 100. 89 99(76) 101. 12 91 102. 23 1-0 {zero}

[Event "?"]
[Site "PlayOK"]
[Date "2026.02.07"]
[Round "-"]
[White "avataar"]
[Black "style11"]
[Result "0-1"]
[Time "18:23:09"]
[TimeControl "180"]
[WhiteElo "1627"]
[BlackElo "1606"]

1. 76(10) 98 2. 66 87(4) 3. 12(22) 56(8) 4. 36X 77X 5. 49
36(16) 6. 94 49(19) 7. 85 98(22) 8. 56 18(26) 9. 24 89(32)
10. 35 94 11. 47(44) 91(48) 12. 82(54) 57 13. 12 41 14. 92
81(51) 15. 89 31 16. 53(59) 93(56) 17. 67(64) 18 18. 28 81
19. 13 91(60) 20. 81(67) 59 21. 56 91 22. 68 91(63) 23. 46
89 24. 34 78 25. 56 89 26. 45 47 27. 89 78 28. 68 34 29. 56
45 30. 56 57 31. 45 25 32. 34 89 33. 89 78 34. 68 89 35. 56
78 36. 45 89 37. 56 89 38. 89 45 39. 68 57 40. 89 45 41. 89
34 42. 23 78 43. 34 45 44. 45 57 45. 23 78 46. 34 34 47. 56
23 48. 45 45 49. 56 34 50. 68 45 51. 67 57 52. 89 89 53. 91
12 54. 91 23 0-1

[Event "?"]
[Site "PlayOK"]
[Date "2026.02.07"]
[Round "-"]
[White "style11"]
[Black "avataar"]
[Result "1-0"]
[Time "18:26:24"]
[TimeControl "180"]
[WhiteElo "1623"]
[BlackElo "1610"]

1. 76(10) 98 2. 66 87(4) 3. 12(22) 76(8) 4. 25(34) 78 5.
48(38) 36X 6. 94 16 7. 31 42 8. 17 73(19) 9. 41(42) 45 10.
12 84(22) 11. 87 12 12. 94(44) 12 13. 34 53(25) 14. 75(46)
12 15. 58 12 16. 24X 27 17. 93 23 18. 72(52) 83(33) 19.
91(56) 72(37) 20. 84 67(40) 21. 19 12 22. 51 23 23. 81(59)
81(44) 24. 78 89 25. 94 78 26. 41(62) 38(50) 27. 91 12 28.
79 91 29. 13 81(53) 30. 26 79 31. 78 89 32. 81(66) 89 33.
59 68 34. 89 78 35. 78 89 36. 47 89 37. 89 58 38. 89 89 39.
78 78 40. 78 89 41. 89 78 42. 89 67 43. 38 78 44. 57 67 45.
78 56 46. 45 67 47. 45 25 48. 57 56 49. 34 35 50. 45 56 51.
23 23 52. 34 34 53. 56 78 54. 45 67 55. 89 81 56. 89 89 57.
78 78 58. 12 89 59. 23 78 60. 34 89 61. 89 67 62. 78 78 63.
89 89 64. 45 1-0

[Event "?"]
[Site "PlayOK"]
[Date "2026.02.07"]
[Round "-"]
[White "avataar"]
[Black "tissot"]
[Result "1/2-1/2"]
[Time "18:33:09"]
[TimeControl "180"]
[WhiteElo "1595"]
[BlackElo "1571"]

1. 76(10) 98 2. 66 87(4) 3. 12(22) 76(8) 4. 25(34) 78 5.
48(38) 36X 6. 94 16 7. 84 82(18) 8. 91X 97(23) 9. 18 26 10.
91 23 11. 78 38 12. 41 91(27) 13. 82 89 14. 45 91 15. 12 73
16. 25 91(29) 17. 36 81(33) 18. 34 53(35) 19. 12 34 20. 25
89 21. 52(51) 67 22. 94 23 23. 82 72(42) 24. 72(56) 67 25.
92 56 26. 41 36 27. 91 67 28. 35 67 29. 13 82(45) 30. 81 71
31. 13 89 32. 78 34 33. 23 41 34. 13 81(48) 35. 78 23 36.
92(64) 79 37. 82 34 38. 91 89 39. 51 67 40. 91 23 41. 89 89
42. 91 78 43. 78 58 44. 89 89 45. 91 78 46. 91 67 47. 89 46
48. 91 34 49. 78 89 50. 89 78 51. 23 67 52. 23 56 53. 31 45
54. 91 34 55. 91 89 56. 89 78 57. 91 67 58. 78 56 59. 47 45
60. 45 89 61. 34 78 62. 45 67 63. 59 56 1/2-1/2

[Event "?"]
[Site "PlayOK"]
[Date "2026.02.07"]
[Round "-"]
[White "avataar"]
[Black "9182"]
[Result "1-0"]
[Time "18:53:15"]
[TimeControl "180"]
[WhiteElo "1594"]
[BlackElo "1531"]

1. 76(10) 98 2. 66 87(4) 3. 12(22) 76(8) 4. 25(34) 78 5.
48(38) 36X 6. 94 94(15) 7. 91(54) 91(21) 8. 84 71(23) 9. 32
12 10. 71(56) 36 11. 53 12 12. 93X 12 13. 12 93 14. 21
84(30) 15. 79 22 16. 14 12 17. 84 24 18. 78 12 19. 89
71(32) 20. 89 78 21. 45 65(36) 22. 26 67 23. 12 23 24. 45
94(39) 25. 24 91(41) 26. 45 83 27. 95 54 28. 35(67) 91 29.
13 91(44) 30. 91 13 31. 91(70) 89 32. 89 79 33. 78 25 34.
58 89 35. 45 78 36. 45 67 37. 34 41(48) 38. 26 82(51) 39.
35 79 40. 91(74) 45 41. 12 89 42. 23 67 43. 47 78 44. 81 89
45. 91(76) 58 46. 79 89 47. 91 78 48. 91(78) 67 49. 89 56
50. 89 45 51. 91 89 52. 91(80) 78 53. 78 67 54. 89 56 55.
45 89 56. 53 12 57. 78 78 58. 91 12 59. 89 67 60. 89 92 61.
93 1-0

[Event "?"]
[Site "PlayOK"]
[Date "2026.02.07"]
[Round "-"]
[White "avataar"]
[Black "style11"]
[Result "1-0"]
[Time "18:59:51"]
[TimeControl "180"]
[WhiteElo "1607"]
[BlackElo "1640"]

1. 76(10) 98 2. 66 87(4) 3. 12(22) 56(8) 4. 36X 77X 5. 49
36(16) 6. 94 49(19) 7. 85 98(22) 8. 56 18(26) 9. 24 89(32)
10. 35 94 11. 14 76(44) 12. 82(43) 56 13. 13 31(46) 14. 92
82 15. 12 79 16. 54 95(49) 17. 39 43(52) 18. 81(54) 91 19.
13 45 20. 25 81(55) 21. 94(56) 89 22. 89 78 23. 91 13 24.
91(58) 92(57) 25. 12 59 26. 69 89 27. 89 37 28. 89 26 29.
56 34 30. 92(63) 12 31. 34 92(60) 32. 12 79 33. 56 23 34.
68 89 35. 45 12 36. 89 78 37. 89 23 38. 56 81(64) 39. 68 58
40. 56 89 41. 45 78 42. 56 47 43. 68 89 44. 45 78 45. 89 36
46. 89 57 47. 56 89 48. 34 89 49. 45 78 50. 34 89 51. 45 78
52. 23 89 53. 34 45 54. 23 45 55. 56 57 56. 68 78 57. 56 89
58. 45 34 59. 56 23 60. 68 45 61. 89 34 62. 89 45 63. 34 57
64. 45 78 65. 56 89 66. 67 56 67. 67 1-0

[Event "?"]
[Site "PlayOK"]
[Date "2026.02.07"]
[Round "-"]
[White "style11"]
[Black "avataar"]
[Result "0-1"]
[Time "19:05:52"]
[TimeControl "180"]
[WhiteElo "1622"]
[BlackElo "1625"]

1. 76(10) 98 2. 66 87(4) 3. 12(22) 76(8) 4. 25(34) 78 5.
48(38) 36X 6. 94 16 7. 84 82(18) 8. 91X 97(23) 9. 18 26 10.
91 23 11. 41 43 12. 24 52(28) 13. 46 65 14. 59 94(35) 15.
16 31(38) 16. 93(48) 77(45) 17. 32 86 18. 35 26 19. 13
61(50) 20. 92(53) 89 21. 86(56) 23 22. 53 23 23. 92 79 24.
29 89 25. 81 51 26. 92(62) 89 27. 71 78 28. 91 89 29. 91 49
30. 89 89 31. 41 78 32. 91 89 33. 89 67 34. 78 56 35. 57 78
36. 35 89 37. 23 67 38. 12 78 39. 45 89 40. 34 89 0-1

[Event "?"]
[Site "PlayOK"]
[Date "2026.02.07"]
[Round "-"]
[White "avataar"]
[Black "style11"]
[Result "0-1"]
[Time "19:09:17"]
[TimeControl "180"]
[WhiteElo "1641"]
[BlackElo "1606"]

1. 76(10) 98 2. 66 87(4) 3. 12(22) 76(8) 4. 25(34) 78 5.
48(38) 36X 6. 94 16 7. 84 82(18) 8. 91X 97(23) 9. 18 26 10.
91 23 11. 78 89 12. 81 51(26) 13. 41 43 14. 57 94(34) 15.
37 24 16. 94 23 17. 73 36 18. 15 23 19. 84 77(40) 20. 37 35
21. 12 93(43) 22. 12 68(46) 23. 25 85 24. 35 43(49) 25.
57(56) 93 26. 94 26 27. 15 91(52) 28. 71 89 29. 45 69 30.
92 89 31. 26 89 32. 23 56 33. 82(65) 89 34. 12 95(61) 35.
12 78 36. 78 89 37. 47 91 38. 91 91(64) 39. 89 78 40. 91 67
41. 78 78 42. 89 89 43. 38 89 44. 45 91 45. 12 48 46. 91 89
47. 89 78 48. 78 89 49. 26 92(68) 50. 12 67 0-1

[Event "?"]
[Site "PlayOK"]
[Date "2026.02.07"]
[Round "-"]
[White "style11"]
[Black "avataar"]
[Result "1-0"]
[Time "19:14:51"]
[TimeControl "180"]
[WhiteElo "1624"]
[BlackElo "1623"]

1. 76(10) 98 2. 66 87(4) 3. 12(22) 76(8) 4. 25(34) 78 5.
59(38) 36X 6. 94 16 7. 31 86 8. 85 43 9. 19 74 10. 21
97(26) 11. 31(44) 64 12. 56(46) 78 13. 34 45 14. 97(48)
55(30) 15. 91X 67 16. 84 67 17. 89 92 18. 78 32(36) 19.
45(58) 24 20. 19 36 21. 24 42(41) 22. 82(61) 74(47) 23.
95(66) 61(51) 24. 71 45 25. 89 23 26. 89 35 27. 93(70) 56
28. 78 45 29. 91 78 30. 89 67 31. 91 78 32. 39 78 33. 58 67
34. 89 78 35. 78 56 36. 91 67 37. 89 78 38. 91 56 39. 89 67
40. 91 78 41. 78 45 42. 89 56 43. 45 67 44. 34 78 45. 23 23
46. 45 34 47. 34 45 48. 45 56 49. 58 67 50. 78 1-0

