[Event "9311231"]
[Site "PlayOK"]
[Date "2025.11.01"]
[Round "1"]
[White "nurali123"]
[Black "accidental"]
[Result "0-1"]
[Time "13:00:04"]
[TimeControl "300"]
[WhiteElo "1200"]
[BlackElo "1272"]

1. 76(10) 98 2. 66 87(4) 3. 12(22) 76(8) 4. 78 92(22) 5.
58X 91(26) 6. 84 58(28) 7. 38 72X 8. 57 16 9. 71(32) 93 10.
15 91(36) 11. 36 62 12. 12 91 13. 96 12 14. 89 91 15. 13
71(42) 16. 63 12 17. 89 29 18. 89 42 19. 12 92 20. 12 12
21. 79 79 22. 89 69 23. 67 24 24. 78 33 25. 47 94 26. 13 12
27. 71(43) 47 28. 78 54(55) 29. 32 73(58) 30. 13 61(61) 31.
34 35 32. 61(48) 67 33. 86 27 34. 78 67 35. 89 93 36. 12 67
37. 34 58 38. 46 74(66) 39. 12 47 40. 78 91 41. 12 67 42.
89 56 43. 89 35 44. 67 79 45. 78 67 46. 56(53) 12 47. 89 57
48. 89 91 49. 91 13 50. 91(56) 56 51. 34 36 52. 78 56 53.
89 26 54. 89 34 55. 78 23 56. 68 34 57. 45 91 58. 13 91(72)
59. 89 62 60. 12 72 61. 12 91 62. 12 42 63. 12 91 64. 12 67
65. 57 57 66. 34 67 67. 45 72 68. 34 91(83) 0-1

[Event "9311231"]
[Site "PlayOK"]
[Date "2025.11.01"]
[Round "2"]
[White "accidental"]
[Black "999s"]
[Result "1-0"]
[Time "13:16:50"]
[TimeControl "300"]
[WhiteElo "1285"]
[BlackElo "1263"]

1. 76(10) 87(2) 2. 66 34 3. 91 47(4) 4. 89(24) 25(16) 5. 15
72 6. 38(32) 17(20) 7. 34 12 8. 82 55 9. 29 42(22) 10.
51(36) 21(28) 11. 65(42) 68(34) 12. 46 85 13. 69 35(40) 14.
74(48) 91 15. 78 34 16. 94 15 17. 83(52) 12 18. 91(54)
78(42) 19. 17 29 20. 29 59 21. 35(56) 1-0

[Event "9311231"]
[Site "PlayOK"]
[Date "2025.11.01"]
[Round "3"]
[White "allong03"]
[Black "accidental"]
[Result "0-1"]
[Time "13:32:46"]
[TimeControl "300"]
[WhiteElo "1340"]
[BlackElo "1300"]

1. 76(10) 98 2. 66 87(4) 3. 12(22) 76(8) 4. 78 92(22) 5.
58X 91(26) 6. 84 58(28) 7. 38 72X 8. 57 16 9. 61(32) 93 10.
67 38 11. 36 63(37) 12. 17 71(40) 13. 34 67 14. 96 42 15.
52 13 16. 83(41) 12 17. 34 95(45) 18. 13 71(48) 19. 35 22
20. 93(45) 23 21. 62(47) 13 22. 91(49) 52 23. 34 23 24. 56
45 25. 78 36 26. 81(53) 71 27. 43 63(54) 28. 15 59 29. 94
97(60) 30. 81(61) 71 31. 91 91(64) 32. 61(64) 67 33. 91 67
34. 91(66) 79 35. 89 48 36. 58 67 37. 89 56 38. 78 79 39.
91 67 40. 91(71) 36 41. 47 67 42. 34 79 43. 34 56 44. 89 67
45. 89 56 46. 78 67 47. 68 79 48. 46 45 49. 89 56 50. 78 45
51. 67 34 52. 89 67 53. 78 56 54. 57 45 55. 89 25 56. 89 56
57. 78 67 58. 78 56 59. 89 79 60. 89 67 61. 67 45 62. 78 34
63. 67 23 64. 78 34 65. 56 45 66. 67 78 67. 45 67 68. 56 56
69. 67 45 70. 89 56 71. 89 78 72. 78 67 73. 78 67 74. 89 56
75. 89 67 76. 92 12 77. 12 23 78. 91 34 0-1 {zero}

[Event "9311231"]
[Site "PlayOK"]
[Date "2025.11.01"]
[Round "4"]
[White "accidental"]
[Black "soggrvis"]
[Result "1-0"]
[Time "13:48:42"]
[TimeControl "300"]
[WhiteElo "1318"]
[BlackElo "1250"]

1. 76(10) 98 2. 66 87(4) 3. 12(22) 76(8) 4. 25(34) 78 5.
48(38) 36X 6. 94 16 7. 84 82(18) 8. 91X 97(23) 9. 18 36 10.
41 26 11. 45 52 12. 57 74(29) 13. 92 24 14. 82(47) 93 15.
91 36 16. 71 67(32) 17. 45 34 18. 91 57 19. 91 91 20. 38 23
21. 82 34 22. 18 84(39) 23. 22(56) 41(45) 24. 45 73 25. 24
82(47) 26. 72(60) 78 27. 94 23 28. 78 61 29. 13 81(49) 30.
84(66) 23 31. 32 23 32. 89 39 33. 93(70) 89 34. 91 89 35.
89 78 36. 78 78 37. 91 89 38. 89 89 39. 91 23 40. 23 34 41.
34 45 42. 34 45 43. 48 67 44. 57(76) 67 45. 91 78 46. 89 67
47. 91 89 48. 89 78 49. 78 89 50. 91 23 51. 89 34 52. 78 34
53. 89 46 54. 91 67 55. 91 78 56. 45 89 57. 56 45 58. 56
1-0

[Event "9311231"]
[Site "PlayOK"]
[Date "2025.11.01"]
[Round "5"]
[White "accidental"]
[Black "lewandowski9"]
[Result "1-0"]
[Time "14:04:32"]
[TimeControl "300"]
[WhiteElo "1331"]
[BlackElo "1280"]

1. 76(10) 98 2. 66 87(4) 3. 12(22) 76(8) 4. 25(34) 78 5.
48(38) 36X 6. 94 16 7. 84 82(18) 8. 91X 97(23) 9. 18 26 10.
91 23 11. 78 91(26) 12. 81 63 13. 55 23 14. 42 31 15. 81 23
16. 36 35 17. 59 23 18. 81 34 19. 71 55(33) 20. 78 34 21.
81 94 22. 16 91(36) 23. 98 85(38) 24. 21 62(41) 25. 12
91(43) 26. 91 79(46) 27. 43(56) 81(49) 28. 79 78 29. 23 89
30. 78 41(52) 31. 92(62) 81 32. 33(65) 68 33. 23 67 34. 12
71 35. 12 58 36. 24 82(55) 37. 86(68) 78 38. 12 56 39. 78
46 40. 47 67 41. 35 56 42. 92 24 43. 52(72) 45 44. 91 34
45. 91 98(62) 46. 71 89 47. 12 89 48. 24 78 49. 35 89 50.
34 78 51. 23 89 52. 49 67 53. 34 78 54. 45 89 55. 45 1-0

[Event "9311231"]
[Site "PlayOK"]
[Date "2025.11.01"]
[Round "6"]
[White "xalk"]
[Black "accidental"]
[Result "0-1"]
[Time "14:20:22"]
[TimeControl "300"]
[WhiteElo "1436"]
[BlackElo "1345"]

1. 43(10) 87 2. 67(20) 44X 3. 12(32) 67(19) 4. 25(44) 67 5.
12 34 6. 12 14 7. 93 94 8. 83 73 9. 29 41(29) 10. 93(50) 69
11. 79 87(32) 12. 53 28 13. 12 72 14. 12 51(34) 15. 82(52)
34 16. 93(54) 23 17. 89 47 18. 56 18 19. 65(58) 23 20. 78
23 21. 78 12 22. 92(60) 12 23. 36 12 24. 12 12 25. 91
99(39) 26. 21(62) 72(42) 27. 61 91 28. 85(64) 12 29. 67
91(46) 30. 58 39 31. 73(66) 12 32. 67 78 33. 78 64 34. 12
49 35. 56 79 36. 37 93(50) 37. 12 67 38. 25 56 39. 23 78
40. 93 12 41. 82 12 42. 91(68) 67 43. 89 24 44. 12 79 45.
23 67 46. 78 56 47. 89 45 48. 78 67 49. 89 34 50. 67 79 51.
67 56 52. 78 67 53. 78 78 54. 89 78 55. 89 67 56. 56 56 57.
67 78 58. 56 67 59. 78 45 60. 67 56 61. 78 78 62. 36 67 63.
89 45 64. 67 56 65. 56 34 66. 78 45 67. 89 78 68. 67 23 69.
23 34 70. 78 45 71. 89 56 72. 34 67 73. 34 56 74. 89 67 75.
99 12 76. 91 23 0-1 {zero}

[Event "9311231"]
[Site "PlayOK"]
[Date "2025.11.01"]
[Round "7"]
[White "accidental"]
[Black "seventimes"]
[Result "1/2-1/2"]
[Time "14:35:35"]
[TimeControl "300"]
[WhiteElo "1365"]
[BlackElo "1303"]

1. 76(10) 98 2. 66 87(4) 3. 12(22) 76(8) 4. 25(34) 78 5.
48(38) 36X 6. 94 16 7. 84 82(18) 8. 91X 97(23) 9. 18 26 10.
91 23 11. 78 38 12. 41 91(27) 13. 82 89 14. 45 91 15. 12 73
16. 25 91(29) 17. 36 81(33) 18. 34 91 19. 12 53(35) 20. 25
34 21. 12 89 22. 78 79 23. 78 89 24. 48 66 25. 78 95(65)
26. 84(68) 89 27. 25 91 28. 13 91(67) 29. 37 89 30. 34 78
31. 23 89 32. 23 78 33. 34 34 34. 93(71) 25 35. 41 67 36.
45 56 37. 34 23 38. 91 78 39. 91 89 40. 45 67 41. 59 78 42.
91 56 43. 81 67 44. 91 45 45. 79 56 46. 91 45 47. 78 67 48.
81 56 49. 91 34 50. 89 45 51. 91 34 52. 56 56 1/2-1/2 {zero}

[Event "9311231"]
[Site "PlayOK"]
[Date "2025.11.01"]
[Round "8"]
[White "tidehunter"]
[Black "accidental"]
[Result "0-1"]
[Time "14:49:33"]
[TimeControl "300"]
[WhiteElo "1316"]
[BlackElo "1362"]

1. 43(10) 87 2. 67(20) 44X 3. 12(32) 67(19) 4. 25(44) 67 5.
12 34 6. 12 14 7. 93 94 8. 83 68 9. 28 91 10. 92(50) 91(29)
11. 91(56) 85 12. 62 41(32) 13. 34 12 14. 91(58) 92(38) 15.
82(62) 12 16. 91 23 17. 67 39 18. 73(64) 12 19. 89 23 20.
92(66) 12 21. 54 12 22. 13 12 23. 89 78(42) 24. 24 34 25.
12 61(45) 26. 79 34 27. 68 85 28. 12 95(51) 29. 12 89 30.
31 91 31. 81(68) 49 32. 27 91(55) 33. 71 67 34. 96(70) 12
35. 91(72) 54 36. 89 91(58) 37. 68 89 38. 56 91 39. 89
91(60) 40. 78 89 41. 67 45 42. 56 56 43. 89 72 44. 12 89
45. 78 78 46. 67 89 47. 25 67 48. 56 78 49. 78 67 50. 92 12
51. 81 29 52. 91(74) 56 53. 23 45 54. 37 34 55. 78 89 56.
89 89 57. 68 78 58. 78 67 59. 67 23 60. 56 34 61. 67 34 62.
79 56 63. 92 23 64. 82 12 65. 89 23 66. 92(76) 12 67.
91(78) 34 0-1

[Event "9311231"]
[Site "PlayOK"]
[Date "2025.11.01"]
[Round "9"]
[White "accidental"]
[Black "golder"]
[Result "1-0"]
[Time "15:04:02"]
[TimeControl "300"]
[WhiteElo "1376"]
[BlackElo "1343"]

1. 76(10) 98 2. 66 87(4) 3. 12(22) 76(8) 4. 25(34) 78 5.
48(38) 36X 6. 94 16 7. 84 82(18) 8. 91X 97(23) 9. 18 26 10.
91 23 11. 78 43 12. 35 92 13. 78 74 14. 84 24 15. 58 23 16.
81 35 17. 47(52) 41(37) 18. 95 24 19. 91 94(39) 20. 12 78
21. 89 69(42) 22. 72(57) 91(44) 23. 81 46 24. 91 59(47) 25.
24(62) 23 26. 81 91(50) 27. 52 23 28. 89 39 29. 93(67) 23
30. 71 79 31. 91 69 32. 32 78 33. 91 56 34. 81 67 35. 91 78
36. 91 78 37. 89 1-0

[Event "9311231"]
[Site "PlayOK"]
[Date "2025.11.01"]
[Round "10"]
[White "accidental"]
[Black "burningg"]
[Result "1/2-1/2"]
[Time "15:18:48"]
[TimeControl "300"]
[WhiteElo "1390"]
[BlackElo "1319"]

1. 76(10) 98 2. 66 87(4) 3. 12(22) 76(8) 4. 25(34) 78 5.
48(38) 36X 6. 94 16 7. 84 82(18) 8. 91X 97(23) 9. 18 26 10.
91 23 11. 78 38 12. 41 91(27) 13. 82 89 14. 45 91 15. 12 73
16. 25 91(29) 17. 36 81(33) 18. 34 78 19. 34 23 20. 92(48)
35 21. 51 92(39) 22. 92(53) 66 23. 13 55(44) 24. 12 83 25.
26 71 26. 43 23 27. 13 78 28. 12 67 29. 24 78 30. 83 23 31.
92 82(48) 32. 72(59) 67 33. 91 56 34. 89 38 35. 91 89 36.
45 48 37. 12 81(51) 38. 91 23 39. 23 35 40. 33(66) 71 41.
91 89 42. 12 69 43. 81 89 44. 91 23 45. 91 89 46. 89 78 47.
91 58 48. 79 89 49. 91 89 50. 89 78 51. 78 78 52. 91 89 53.
89 89 54. 91 67 55. 23 67 56. 34 78 57. 23 78 58. 59 89 59.
91 56 60. 89 67 61. 78 78 62. 91 89 63. 89 89 64. 91 46 65.
47 67 66. 45 56 67. 34 67 68. 34 78 69. 78 78 70. 89 89 71.
91 89 72. 45 45 73. 45 34 74. 59 45 75. 91 56 76. 89 56 77.
78 67 78. 91 67 79. 89 78 80. 91 78 81. 56 89 1/2-1/2 {zero}

[Event "9311231"]
[Site "PlayOK"]
[Date "2025.11.01"]
[Round "11"]
[White "accidental"]
[Black "csgo55"]
[Result "1/2-1/2"]
[Time "15:34:50"]
[TimeControl "300"]
[WhiteElo "1387"]
[BlackElo "1334"]

1. 76(10) 98 2. 66 87(4) 3. 12(22) 76(8) 4. 25(34) 78 5.
48(38) 36X 6. 94 16 7. 84 82(18) 8. 91X 97(23) 9. 18 26 10.
91 23 11. 78 89 12. 81 51(26) 13. 41 43 14. 57 94(34) 15.
37 24 16. 94 23 17. 73 36 18. 15 1/2-1/2

